###################### Conjuntos #######################

# Cantidad de turnos segun horas jornada y horas diarias
set TFT9 :=	1	2	3	4	5	6	7	8	;
set TFT8 :=	1	2	3	4	5	6	7	8	9	10	;
set TMJ6 :=	1	2	3	4	5	6	7	8	9	10	11	12	13	14	15	;
set TMJ5 :=	1	2	3	4	5	6	7	8	9	10	11	12	13	14	15	16	17	18	;
set TPT10 :=	1	2	3	4	5	6	;
set TPT9 :=	1	2	3	4	5	6	7	8	;

# Dia. mes
#set D := 1 2 3 4 5 6 7 8 9 10 11 12 13 14 15 16 17 18 19 20 21 ;
#set D2 := 0 1 2 3 4 5 6 7 8 9 10 11 12 13 14 15 16 17 18 19 20 21 ;
set H := 1 2 3 4 5 6 7 8 9 10 11 12 13 14 15 16 17 18 19 20 21 22 23 24 25 26 27;

# rotacion
set R:= 1 2 3 4 5 6 7 8 9 10 11 12 13;

###################### Parametros #######################

param M := 1000;

# Dias que trabajan los turnos fijos 
param:   LUVI    VISA    SADO    DO:=
1	1	0	0	0
2	1	0	0	0
3	1	0	0	0
4	1	0	0	0
5	1	1	0	0
6	0	1	1	0
7	0	0	1	1
8	1	0	0	0
9	1	0	0	0
10	1	0	0	0
11	1	0	0	0
12	1	1	0	0
13	0	1	1	0
14	0	0	1	1
15	1	0	0	0
16	1	0	0	0
17	1	0	0	0
18	1	0	0	0
19	1	1	0	0
20	0	1	1	0
21	0	0	1	1
22	1	0	0	0
23	1	0	0	0
24	1	0	0	0
25	1	0	0	0
26	1	1	0	0
27	0	1	1	0
28	0	0	1	1
29	1	0	0	0
30	1	0	0	0
31	1	0	0	0
32	1	0	0	0
33	1	1	0	0
34	0	1	1	0
35	0	0	1	1
36	1	0	0	0
37	1	0	0	0
38	1	0	0	0
39	1	0	0	0
40	1	1	0	0
41	0	1	1	0
42	0	0	1	1
43	1	0	0	0
44	1	0	0	0
45	1	0	0	0
46	1	0	0	0
47	1	1	0	0
48	0	1	1	0
49	0	0	1	1
50	1	0	0	0
51	1	0	0	0
52	1	0	0	0
53	1	0	0	0
54	1	1	0	0
55	0	1	1	0
56	0	0	1	1
57	1	0	0	0
58	1	0	0	0
59	1	0	0	0
60	1	0	0	0
61	1	1	0	0
62	0	1	1	0
63	0	0	1	1
64	1	0	0	0
65	1	0	0	0
66	1	0	0	0
67	1	0	0	0
68	1	1	0	0
69	0	1	1	0
70	0	0	1	1
71	1	0	0	0
72	1	0	0	0
73	1	0	0	0
74	1	0	0	0
75	1	1	0	0
76	0	1	1	0
77	0	0	1	1
78	1	0	0	0
79	1	0	0	0
80	1	0	0	0
81	1	0	0	0
82	1	1	0	0
83	0	1	1	0
84	0	0	1	1
85	1	0	0	0
86	1	0	0	0
87	1	0	0	0
88	1	0	0	0
89	1	1	0	0
90	0	1	1	0
91	0	0	1	1
92	1	0	0	0
93	1	0	0	0
94	1	0	0	0
95	1	0	0	0
96	1	1	0	0
97	0	1	1	0
98	0	0	1	1
99	1	0	0	0
100	1	0	0	0
101	1	0	0	0
102	1	0	0	0
103	1	1	0	0
104	0	1	1	0
105	0	0	1	1
106	1	0	0	0
107	1	0	0	0
108	1	0	0	0
109	1	0	0	0
110	1	1	0	0
111	0	1	1	0
112	0	0	1	1
113	1	0	0	0
114	1	0	0	0
115	1	0	0	0
116	1	0	0	0
117	1	1	0	0
118	0	1	1	0
119	0	0	1	1
120	1	0	0	0
121	1	0	0	0
122	1	0	0	0
123	1	0	0	0
124	1	1	0	0
125	0	1	1	0
126	0	0	1	1
127	1	0	0	0
128	1	0	0	0
129	1	0	0	0
130	1	0	0	0
131	1	1	0	0
132	0	1	1	0
133	0	0	1	1
134	1	0	0	0
135	1	0	0	0
136	1	0	0	0
137	1	0	0	0
138	1	1	0	0
139	0	1	1	0
140	0	0	1	1
141	1	0	0	0
142	1	0	0	0
143	1	0	0	0
144	1	0	0	0
145	1	1	0	0
146	0	1	1	0
147	0	0	1	1
148	1	0	0	0
149	1	0	0	0
150	1	0	0	0
151	1	0	0	0
152	1	1	0	0
153	0	1	1	0
154	0	0	1	1
155	1	0	0	0
156	1	0	0	0
157	1	0	0	0
158	1	0	0	0
159	1	1	0	0
160	0	1	1	0
161	0	0	1	1
162	1	0	0	0
163	1	0	0	0
164	1	0	0	0
165	1	0	0	0
166	1	1	0	0
167	0	1	1	0
168	0	0	1	1
169	1	0	0	0
170	1	0	0	0
171	1	0	0	0
172	1	0	0	0
173	1	1	0	0
174	0	1	1	0
175	0	0	1	1
176	1	0	0	0
177	1	0	0	0
178	1	0	0	0
179	1	0	0	0
180	1	1	0	0
181	0	1	1	0
182	0	0	1	1
183	1	0	0	0
184	1	0	0	0
185	1	0	0	0
186	1	0	0	0
187	1	1	0	0
188	0	1	1	0
189	0	0	1	1
190	1	0	0	0
191	1	0	0	0
192	1	0	0	0
193	1	0	0	0
194	1	1	0	0
195	0	1	1	0
196	0	0	1	1
197	1	0	0	0
198	1	0	0	0
199	1	0	0	0
200	1	0	0	0
201	1	1	0	0
202	0	1	1	0
203	0	0	1	1
204	1	0	0	0
205	1	0	0	0
206	1	0	0	0
207	1	0	0	0
208	1	1	0	0
209	0	1	1	0
210	0	0	1	1
211	1	0	0	0
212	1	0	0	0
213	1	0	0	0
214	1	0	0	0
215	1	1	0	0
216	0	1	1	0
217	0	0	1	1
218	1	0	0	0
219	1	0	0	0
220	1	0	0	0
221	1	0	0	0
222	1	1	0	0
223	0	1	1	0
224	0	0	1	1
225	1	0	0	0
226	1	0	0	0
227	1	0	0	0
228	1	0	0	0
229	1	1	0	0
230	0	1	1	0
231	0	0	1	1
232	1	0	0	0
233	1	0	0	0
234	1	0	0	0
235	1	0	0	0
236	1	1	0	0
237	0	1	1	0
238	0	0	1	1
239	1	0	0	0
240	1	0	0	0
241	1	0	0	0
242	1	0	0	0
243	1	1	0	0
244	0	1	1	0
245	0	0	1	1
246	1	0	0	0
247	1	0	0	0
248	1	0	0	0
249	1	0	0	0
250	1	1	0	0
251	0	1	1	0
252	0	0	1	1
253	1	0	0	0
254	1	0	0	0
255	1	0	0	0
256	1	0	0	0
257	1	1	0	0
258	0	1	1	0
259	0	0	1	1
260	1	0	0	0
261	1	0	0	0
262	1	0	0	0
263	1	0	0	0
264	1	1	0	0
265	0	1	1	0
266	0	0	1	1
267	1	0	0	0
268	1	0	0	0
269	1	0	0	0
270	1	0	0	0
271	1	1	0	0
272	0	1	1	0
273	0	0	1	1
274	1	0	0	0
275	1	0	0	0
276	1	0	0	0
277	1	0	0	0
278	1	1	0	0
279	0	1	1	0
280	0	0	1	1
281	1	0	0	0
282	1	0	0	0
283	1	0	0	0
284	1	0	0	0
285	1	1	0	0
286	0	1	1	0
287	0	0	1	1
288	1	0	0	0
289	1	0	0	0
290	1	0	0	0
291	1	0	0	0
292	1	1	0	0
293	0	1	1	0
294	0	0	1	1
295	1	0	0	0
296	1	0	0	0
297	1	0	0	0
298	1	0	0	0
299	1	1	0	0
300	0	1	1	0
301	0	0	1	1
302	1	0	0	0
303	1	0	0	0
304	1	0	0	0
305	1	0	0	0
306	1	1	0	0
307	0	1	1	0
308	0	0	1	1
309	1	0	0	0
310	1	0	0	0
311	1	0	0	0
312	1	0	0	0
313	1	1	0	0
314	0	1	1	0
315	0	0	1	1
316	1	0	0	0
317	1	0	0	0
318	1	0	0	0
319	1	0	0	0
320	1	1	0	0
321	0	1	1	0
322	0	0	1	1
323	1	0	0	0
324	1	0	0	0
325	1	0	0	0
326	1	0	0	0
327	1	1	0	0
328	0	1	1	0
329	0	0	1	1
330	1	0	0	0
331	1	0	0	0
332	1	0	0	0
333	1	0	0	0
334	1	1	0	0
335	0	1	1	0
336	0	0	1	1
337	1	0	0	0
338	1	0	0	0
339	1	0	0	0
340	1	0	0	0
341	1	1	0	0
342	0	1	1	0
343	0	0	1	1
344	1	0	0	0
345	1	0	0	0
346	1	0	0	0
347	1	0	0	0
348	1	1	0	0
349	0	1	1	0
350	0	0	1	1
351	1	0	0	0
352	1	0	0	0
353	1	0	0	0
354	1	0	0	0
355	1	1	0	0
356	0	1	1	0
357	0	0	1	1
358	1	0	0	0
359	1	0	0	0
360	1	0	0	0
361	1	0	0	0
362	1	1	0	0
363	0	1	1	0
364	0	0	1	1
365	1	0	0	0
;

# Turnos segun jornada y horas diarias

param TURFT9:	1	2	3	4	5	6	7	8	9	10	11	12	13	14	15	16	17	18	19	20	21	22	23	24	25	26	27	:=
1	1	1	1	1	1	1	1	1	1	1	0.5	0.5	0.5	0.5	1	1	1	1	1	1	0	0	0	0	0	0	0	
2	0	1	1	1	1	1	1	1	1	1	1	0.5	0.5	0.5	0.5	1	1	1	1	1	1	0	0	0	0	0	0	
3	0	0	1	1	1	1	1	1	1	1	1	1	0.5	0.5	0.5	0.5	1	1	1	1	1	1	0	0	0	0	0	
4	0	0	0	1	1	1	1	1	1	1	1	1	1	0.5	0.5	0.5	0.5	1	1	1	1	1	1	0	0	0	0	
5	0	0	0	0	1	1	1	1	1	1	1	1	1	0.5	0.5	0.5	0.5	1	1	1	1	1	1	1	0	0	0	
6	0	0	0	0	0	1	1	1	1	1	1	1	1	0.5	0.5	0.5	0.5	1	1	1	1	1	1	1	1	0	0	
7	0	0	0	0	0	0	1	1	1	1	1	1	1	0.5	0.5	0.5	0.5	1	1	1	1	1	1	1	1	1	0	
8	0	0	0	0	0	0	0	1	1	1	1	1	1	0.5	0.5	0.5	0.5	1	1	1	1	1	1	1	1	1	1	;

param TURFT8:	1	2	3	4	5	6	7	8	9	10	11	12	13	14	15	16	17	18	19	20	21	22	23	24	25	26	27	:=
1	1	1	1	1	1	1	1	1	1	1	0.5	0.5	0.5	0.5	1	1	1	1	0	0	0	0	0	0	0	0	0	
2	0	1	1	1	1	1	1	1	1	1	1	0.5	0.5	0.5	0.5	1	1	1	1	0	0	0	0	0	0	0	0	
3	0	0	1	1	1	1	1	1	1	1	1	1	0.5	0.5	0.5	0.5	1	1	1	1	0	0	0	0	0	0	0	
4	0	0	0	1	1	1	1	1	1	1	1	1	1	0.5	0.5	0.5	0.5	1	1	1	1	0	0	0	0	0	0	
5	0	0	0	0	1	1	1	1	1	1	1	1	1	0.5	0.5	0.5	0.5	1	1	1	1	1	0	0	0	0	0	
6	0	0	0	0	0	1	1	1	1	1	1	1	1	0.5	0.5	0.5	0.5	1	1	1	1	1	1	0	0	0	0	
7	0	0	0	0	0	0	1	1	1	1	1	1	1	0.5	0.5	0.5	0.5	1	1	1	1	1	1	1	0	0	0	
8	0	0	0	0	0	0	0	1	1	1	1	1	1	0.5	0.5	0.5	0.5	1	1	1	1	1	1	1	1	0	0	
9	0	0	0	0	0	0	0	0	1	1	1	1	1	0.5	0.5	0.5	0.5	1	1	1	1	1	1	1	1	1	0	
10	0	0	0	0	0	0	0	0	0	1	1	1	1	0.5	0.5	0.5	0.5	1	1	1	1	1	1	1	1	1	1	;

param TURMJ6:	1	2	3	4	5	6	7	8	9	10	11	12	13	14	15	16	17	18	19	20	21	22	23	24	25	26	27	:=
1	1	1	1	1	1	1	1	1	1	1	1	0.5	0.5	0	0	0	0	0	0	0	0	0	0	0	0	0	0	
2	0	1	1	1	1	1	1	1	1	1	1	1	0.5	0.5	0	0	0	0	0	0	0	0	0	0	0	0	0	
3	0	0	1	1	1	1	1	1	1	1	1	1	1	0.5	0.5	0	0	0	0	0	0	0	0	0	0	0	0	
4	0	0	0	1	1	1	1	1	1	1	1	1	1	1	0.5	0.5	0	0	0	0	0	0	0	0	0	0	0	
5	0	0	0	0	1	1	1	1	1	1	1	1	1	1	0.5	0.5	1	0	0	0	0	0	0	0	0	0	0	
6	0	0	0	0	0	1	1	1	1	1	1	1	1	1	0.5	0.5	1	1	0	0	0	0	0	0	0	0	0	
7	0	0	0	0	0	0	1	1	1	1	1	1	1	1	0.5	0.5	1	1	1	0	0	0	0	0	0	0	0	
8	0	0	0	0	0	0	0	1	1	1	1	1	1	1	0.5	0.5	1	1	1	1	0	0	0	0	0	0	0	
9	0	0	0	0	0	0	0	0	1	1	1	1	1	1	0.5	0.5	1	1	1	1	1	0	0	0	0	0	0	
10	0	0	0	0	0	0	0	0	0	1	1	1	1	1	0.5	0.5	1	1	1	1	1	1	0	0	0	0	0	
11	0	0	0	0	0	0	0	0	0	0	1	1	1	1	0.5	0.5	1	1	1	1	1	1	1	0	0	0	0	
12	0	0	0	0	0	0	0	0	0	0	0	1	1	1	0.5	0.5	1	1	1	1	1	1	1	1	0	0	0	
13	0	0	0	0	0	0	0	0	0	0	0	0	1	1	0.5	0.5	1	1	1	1	1	1	1	1	1	0	0	
14	0	0	0	0	0	0	0	0	0	0	0	0	0	1	0.5	0.5	1	1	1	1	1	1	1	1	1	1	0	
15	0	0	0	0	0	0	0	0	0	0	0	0	0	0	0.5	0.5	1	1	1	1	1	1	1	1	1	1	1	;

param TURMJ5:	1	2	3	4	5	6	7	8	9	10	11	12	13	14	15	16	17	18	19	20	21	22	23	24	25	26	27	:=
1	1	1	1	1	1	1	1	1	1	1	0	0	0	0	0	0	0	0	0	0	0	0	0	0	0	0	0	
2	0	1	1	1	1	1	1	1	1	1	1	0	0	0	0	0	0	0	0	0	0	0	0	0	0	0	0	
3	0	0	1	1	1	1	1	1	1	1	1	1	0	0	0	0	0	0	0	0	0	0	0	0	0	0	0	
4	0	0	0	1	1	1	1	1	1	1	1	1	1	0	0	0	0	0	0	0	0	0	0	0	0	0	0	
5	0	0	0	0	1	1	1	1	1	1	1	1	1	1	0	0	0	0	0	0	0	0	0	0	0	0	0	
6	0	0	0	0	0	1	1	1	1	1	1	1	1	1	1	0	0	0	0	0	0	0	0	0	0	0	0	
7	0	0	0	0	0	0	1	1	1	1	1	1	1	1	1	1	0	0	0	0	0	0	0	0	0	0	0	
8	0	0	0	0	0	0	0	1	1	1	1	1	1	1	1	1	1	0	0	0	0	0	0	0	0	0	0	
9	0	0	0	0	0	0	0	0	1	1	1	1	1	1	1	1	1	1	0	0	0	0	0	0	0	0	0	
10	0	0	0	0	0	0	0	0	0	1	1	1	1	1	1	1	1	1	1	0	0	0	0	0	0	0	0	
11	0	0	0	0	0	0	0	0	0	0	1	1	1	1	1	1	1	1	1	1	0	0	0	0	0	0	0	
12	0	0	0	0	0	0	0	0	0	0	0	1	1	1	1	1	1	1	1	1	1	0	0	0	0	0	0	
13	0	0	0	0	0	0	0	0	0	0	0	0	1	1	1	1	1	1	1	1	1	1	0	0	0	0	0	
14	0	0	0	0	0	0	0	0	0	0	0	0	0	1	1	1	1	1	1	1	1	1	1	0	0	0	0	
15	0	0	0	0	0	0	0	0	0	0	0	0	0	0	1	1	1	1	1	1	1	1	1	1	0	0	0	
16	0	0	0	0	0	0	0	0	0	0	0	0	0	0	0	1	1	1	1	1	1	1	1	1	1	0	0	
17	0	0	0	0	0	0	0	0	0	0	0	0	0	0	0	0	1	1	1	1	1	1	1	1	1	1	0	
18	0	0	0	0	0	0	0	0	0	0	0	0	0	0	0	0	0	1	1	1	1	1	1	1	1	1	1	;

param TURPT10:	1	2	3	4	5	6	7	8	9	10	11	12	13	14	15	16	17	18	19	20	21	22	23	24	25	26	27	:=
1	1	1	1	1	1	1	1	1	1	1	0.5	0.5	0.5	0.5	1	1	1	1	1	1	1	1	0	0	0	0	0	
2	0	1	1	1	1	1	1	1	1	1	1	0.5	0.5	0.5	0.5	1	1	1	1	1	1	1	1	0	0	0	0	
3	0	0	1	1	1	1	1	1	1	1	1	1	0.5	0.5	0.5	0.5	1	1	1	1	1	1	1	1	0	0	0	
4	0	0	0	1	1	1	1	1	1	1	1	1	1	0.5	0.5	0.5	0.5	1	1	1	1	1	1	1	1	0	0	
5	0	0	0	0	1	1	1	1	1	1	1	1	1	0.5	0.5	0.5	0.5	1	1	1	1	1	1	1	1	1	0	
6	0	0	0	0	0	1	1	1	1	1	1	1	1	0.5	0.5	0.5	0.5	1	1	1	1	1	1	1	1	1	1	;

param TURPT9:	1	2	3	4	5	6	7	8	9	10	11	12	13	14	15	16	17	18	19	20	21	22	23	24	25	26	27	:=
1	1	1	1	1	1	1	1	1	1	1	0.5	0.5	0.5	0.5	1	1	1	1	1	1	0	0	0	0	0	0	0	
2	0	1	1	1	1	1	1	1	1	1	1	0.5	0.5	0.5	0.5	1	1	1	1	1	1	0	0	0	0	0	0	
3	0	0	1	1	1	1	1	1	1	1	1	1	0.5	0.5	0.5	0.5	1	1	1	1	1	1	0	0	0	0	0	
4	0	0	0	1	1	1	1	1	1	1	1	1	1	0.5	0.5	0.5	0.5	1	1	1	1	1	1	0	0	0	0	
5	0	0	0	0	1	1	1	1	1	1	1	1	1	0.5	0.5	0.5	0.5	1	1	1	1	1	1	1	0	0	0	
6	0	0	0	0	0	1	1	1	1	1	1	1	1	0.5	0.5	0.5	0.5	1	1	1	1	1	1	1	1	0	0	
7	0	0	0	0	0	0	1	1	1	1	1	1	1	0.5	0.5	0.5	0.5	1	1	1	1	1	1	1	1	1	0	
8	0	0	0	0	0	0	0	1	1	1	1	1	1	0.5	0.5	0.5	0.5	1	1	1	1	1	1	1	1	1	1	;



# Rotaciones 13 semanas
param R4D:	1	2	3	4	5	6	7	8	9	10	11	12	13	14	15	16	17	18	19	20	21	22	23	24	25	26	27	28	29	30	31	32	33	34	35	36	37	38	39	40	41	42	43	44	45	46	47	48	49	50	51	52	53	54	55	56	57	58	59	60	61	62	63	64	65	66	67	68	69	70	71	72	73	74	75	76	77	78	79	80	81	82	83	84	85	86	87	88	89	90	91	92	93	94	95	96	97	98	99	100	101	102	103	104	105	106	107	108	109	110	111	112	113	114	115	116	117	118	119	120	121	122	123	124	125	126	127	128	129	130	131	132	133	134	135	136	137	138	139	140	141	142	143	144	145	146	147	148	149	150	151	152	153	154	155	156	157	158	159	160	161	162	163	164	165	166	167	168	169	170	171	172	173	174	175	176	177	178	179	180	181	182	183	184	185	186	187	188	189	190	191	192	193	194	195	196	197	198	199	200	201	202	203	204	205	206	207	208	209	210	211	212	213	214	215	216	217	218	219	220	221	222	223	224	225	226	227	228	229	230	231	232	233	234	235	236	237	238	239	240	241	242	243	244	245	246	247	248	249	250	251	252	253	254	255	256	257	258	259	260	261	262	263	264	265	266	267	268	269	270	271	272	273	274	275	276	277	278	279	280	281	282	283	284	285	286	287	288	289	290	291	292	293	294	295	296	297	298	299	300	301	302	303	304	305	306	307	308	309	310	311	312	313	314	315	316	317	318	319	320	321	322	323	324	325	326	327	328	329	330	331	332	333	334	335	336	337	338	339	340	341	342	343	344	345	346	347	348	349	350	351	352	353	354	355	356	357	358	359	360	361	362	363	364	365 :=
1	1	1	1	0	0	1	1	1	1	1	0	0	1	1	1	1	1	0	0	1	1	1	1	1	0	0	1	1	1	1	1	0	0	1	1	1	1	1	0	0	1	1	1	1	1	0	0	1	1	1	1	1	0	0	1	1	1	1	1	0	0	1	1	1	1	1	0	0	1	1	1	1	1	0	0	1	1	1	1	1	0	0	1	1	1	1	1	0	0	1	1	1	1	1	0	0	1	1	1	1	1	0	0	1	1	1	1	1	0	0	1	1	1	1	1	0	0	1	1	1	1	1	0	0	1	1	1	1	1	0	0	1	1	1	1	1	0	0	1	1	1	1	1	0	0	1	1	1	1	1	0	0	1	1	1	1	1	0	0	1	1	1	1	1	0	0	1	1	1	1	1	0	0	1	1	1	1	1	0	0	1	1	1	1	1	0	0	1	1	1	1	1	0	0	1	1	1	1	1	0	0	1	1	1	1	1	0	0	1	1	1	1	1	0	0	1	1	1	1	1	0	0	1	1	1	1	1	0	0	1	1	1	1	1	0	0	1	1	1	1	1	0	0	1	1	1	1	1	0	0	1	1	1	1	1	0	0	1	1	1	1	1	0	0	1	1	1	1	1	0	0	1	1	1	1	1	0	0	1	1	1	1	1	0	0	1	1	1	1	1	0	0	1	1	1	1	1	0	0	1	1	1	1	1	0	0	1	1	1	1	1	0	0	1	1	1	1	1	0	0	1	1	1	1	1	0	0	1	1	1	1	1	0	0	1	1	1	1	1	0	0	1	1	1	1	1	0	0	1	1	1	1	1	0	0	1	1	1	1	1	0	0	1	1	1
2	1	0	0	1	1	1	1	1	0	0	1	1	1	1	1	0	0	1	1	1	1	1	0	0	1	1	1	1	1	0	0	1	1	1	1	1	0	0	1	1	1	1	1	0	0	1	1	1	1	1	0	0	1	1	1	1	1	0	0	1	1	1	1	1	0	0	1	1	1	1	1	0	0	1	1	1	1	1	0	0	1	1	1	1	1	0	0	1	1	1	1	1	0	0	1	1	1	1	1	0	0	1	1	1	1	1	0	0	1	1	1	1	1	0	0	1	1	1	1	1	0	0	1	1	1	1	1	0	0	1	1	1	1	1	0	0	1	1	1	1	1	0	0	1	1	1	1	1	0	0	1	1	1	1	1	0	0	1	1	1	1	1	0	0	1	1	1	1	1	0	0	1	1	1	1	1	0	0	1	1	1	1	1	0	0	1	1	1	1	1	0	0	1	1	1	1	1	0	0	1	1	1	1	1	0	0	1	1	1	1	1	0	0	1	1	1	1	1	0	0	1	1	1	1	1	0	0	1	1	1	1	1	0	0	1	1	1	1	1	0	0	1	1	1	1	1	0	0	1	1	1	1	1	0	0	1	1	1	1	1	0	0	1	1	1	1	1	0	0	1	1	1	1	1	0	0	1	1	1	1	1	0	0	1	1	1	1	1	0	0	1	1	1	1	1	0	0	1	1	1	1	1	0	0	1	1	1	1	1	0	0	1	1	1	1	1	0	0	1	1	1	1	1	0	0	1	1	1	1	1	0	0	1	1	1	1	1	0	0	1	1	1	1	1	0	0	1	1	1	1	1	0	0	1	1	1	1	1	0	0	1	1	1	1	1
3	0	1	1	1	1	1	0	0	1	1	1	1	1	0	0	1	1	1	1	1	0	0	1	1	1	1	1	0	0	1	1	1	1	1	0	0	1	1	1	1	1	0	0	1	1	1	1	1	0	0	1	1	1	1	1	0	0	1	1	1	1	1	0	0	1	1	1	1	1	0	0	1	1	1	1	1	0	0	1	1	1	1	1	0	0	1	1	1	1	1	0	0	1	1	1	1	1	0	0	1	1	1	1	1	0	0	1	1	1	1	1	0	0	1	1	1	1	1	0	0	1	1	1	1	1	0	0	1	1	1	1	1	0	0	1	1	1	1	1	0	0	1	1	1	1	1	0	0	1	1	1	1	1	0	0	1	1	1	1	1	0	0	1	1	1	1	1	0	0	1	1	1	1	1	0	0	1	1	1	1	1	0	0	1	1	1	1	1	0	0	1	1	1	1	1	0	0	1	1	1	1	1	0	0	1	1	1	1	1	0	0	1	1	1	1	1	0	0	1	1	1	1	1	0	0	1	1	1	1	1	0	0	1	1	1	1	1	0	0	1	1	1	1	1	0	0	1	1	1	1	1	0	0	1	1	1	1	1	0	0	1	1	1	1	1	0	0	1	1	1	1	1	0	0	1	1	1	1	1	0	0	1	1	1	1	1	0	0	1	1	1	1	1	0	0	1	1	1	1	1	0	0	1	1	1	1	1	0	0	1	1	1	1	1	0	0	1	1	1	1	1	0	0	1	1	1	1	1	0	0	1	1	1	1	1	0	0	1	1	1	1	1	0	0	1	1	1	1	1	0	0	1	1	1	1	1	0	0	1	1	1	1	1	0	0
4	1	1	1	1	1	0	0	1	1	1	1	1	0	0	1	1	1	1	1	0	0	1	1	1	1	1	0	0	1	1	1	1	1	0	0	1	1	1	1	1	0	0	1	1	1	1	1	0	0	1	1	1	1	1	0	0	1	1	1	1	1	0	0	1	1	1	1	1	0	0	1	1	1	1	1	0	0	1	1	1	1	1	0	0	1	1	1	1	1	0	0	1	1	1	1	1	0	0	1	1	1	1	1	0	0	1	1	1	1	1	0	0	1	1	1	1	1	0	0	1	1	1	1	1	0	0	1	1	1	1	1	0	0	1	1	1	1	1	0	0	1	1	1	1	1	0	0	1	1	1	1	1	0	0	1	1	1	1	1	0	0	1	1	1	1	1	0	0	1	1	1	1	1	0	0	1	1	1	1	1	0	0	1	1	1	1	1	0	0	1	1	1	1	1	0	0	1	1	1	1	1	0	0	1	1	1	1	1	0	0	1	1	1	1	1	0	0	1	1	1	1	1	0	0	1	1	1	1	1	0	0	1	1	1	1	1	0	0	1	1	1	1	1	0	0	1	1	1	1	1	0	0	1	1	1	1	1	0	0	1	1	1	1	1	0	0	1	1	1	1	1	0	0	1	1	1	1	1	0	0	1	1	1	1	1	0	0	1	1	1	1	1	0	0	1	1	1	1	1	0	0	1	1	1	1	1	0	0	1	1	1	1	1	0	0	1	1	1	1	1	0	0	1	1	1	1	1	0	0	1	1	1	1	1	0	0	1	1	1	1	1	0	0	1	1	1	1	1	0	0	1	1	1	1	1	0	0	1	1	1	1	1	0	0	1
5	1	1	1	0	0	1	1	1	1	1	0	0	1	1	1	1	1	0	0	1	1	1	1	1	0	0	1	1	1	1	1	0	0	1	1	1	1	1	0	0	1	1	1	1	1	0	0	1	1	1	1	1	0	0	1	1	1	1	1	0	0	1	1	1	1	1	0	0	1	1	1	1	1	0	0	1	1	1	1	1	0	0	1	1	1	1	1	0	0	1	1	1	1	1	0	0	1	1	1	1	1	0	0	1	1	1	1	1	0	0	1	1	1	1	1	0	0	1	1	1	1	1	0	0	1	1	1	1	1	0	0	1	1	1	1	1	0	0	1	1	1	1	1	0	0	1	1	1	1	1	0	0	1	1	1	1	1	0	0	1	1	1	1	1	0	0	1	1	1	1	1	0	0	1	1	1	1	1	0	0	1	1	1	1	1	0	0	1	1	1	1	1	0	0	1	1	1	1	1	0	0	1	1	1	1	1	0	0	1	1	1	1	1	0	0	1	1	1	1	1	0	0	1	1	1	1	1	0	0	1	1	1	1	1	0	0	1	1	1	1	1	0	0	1	1	1	1	1	0	0	1	1	1	1	1	0	0	1	1	1	1	1	0	0	1	1	1	1	1	0	0	1	1	1	1	1	0	0	1	1	1	1	1	0	0	1	1	1	1	1	0	0	1	1	1	1	1	0	0	1	1	1	1	1	0	0	1	1	1	1	1	0	0	1	1	1	1	1	0	0	1	1	1	1	1	0	0	1	1	1	1	1	0	0	1	1	1	1	1	0	0	1	1	1	1	1	0	0	1	1	1	1	1	0	0	1	1	1	1	1	0	0	1	1	1
6	1	0	0	1	1	1	1	1	0	0	1	1	1	1	1	0	0	1	1	1	1	1	0	0	1	1	1	1	1	0	0	1	1	1	1	1	0	0	1	1	1	1	1	0	0	1	1	1	1	1	0	0	1	1	1	1	1	0	0	1	1	1	1	1	0	0	1	1	1	1	1	0	0	1	1	1	1	1	0	0	1	1	1	1	1	0	0	1	1	1	1	1	0	0	1	1	1	1	1	0	0	1	1	1	1	1	0	0	1	1	1	1	1	0	0	1	1	1	1	1	0	0	1	1	1	1	1	0	0	1	1	1	1	1	0	0	1	1	1	1	1	0	0	1	1	1	1	1	0	0	1	1	1	1	1	0	0	1	1	1	1	1	0	0	1	1	1	1	1	0	0	1	1	1	1	1	0	0	1	1	1	1	1	0	0	1	1	1	1	1	0	0	1	1	1	1	1	0	0	1	1	1	1	1	0	0	1	1	1	1	1	0	0	1	1	1	1	1	0	0	1	1	1	1	1	0	0	1	1	1	1	1	0	0	1	1	1	1	1	0	0	1	1	1	1	1	0	0	1	1	1	1	1	0	0	1	1	1	1	1	0	0	1	1	1	1	1	0	0	1	1	1	1	1	0	0	1	1	1	1	1	0	0	1	1	1	1	1	0	0	1	1	1	1	1	0	0	1	1	1	1	1	0	0	1	1	1	1	1	0	0	1	1	1	1	1	0	0	1	1	1	1	1	0	0	1	1	1	1	1	0	0	1	1	1	1	1	0	0	1	1	1	1	1	0	0	1	1	1	1	1	0	0	1	1	1	1	1	0	0	1	1	1	1	1
7	0	1	1	1	1	1	0	0	1	1	1	1	1	0	0	1	1	1	1	1	0	0	1	1	1	1	1	0	0	1	1	1	1	1	0	0	1	1	1	1	1	0	0	1	1	1	1	1	0	0	1	1	1	1	1	0	0	1	1	1	1	1	0	0	1	1	1	1	1	0	0	1	1	1	1	1	0	0	1	1	1	1	1	0	0	1	1	1	1	1	0	0	1	1	1	1	1	0	0	1	1	1	1	1	0	0	1	1	1	1	1	0	0	1	1	1	1	1	0	0	1	1	1	1	1	0	0	1	1	1	1	1	0	0	1	1	1	1	1	0	0	1	1	1	1	1	0	0	1	1	1	1	1	0	0	1	1	1	1	1	0	0	1	1	1	1	1	0	0	1	1	1	1	1	0	0	1	1	1	1	1	0	0	1	1	1	1	1	0	0	1	1	1	1	1	0	0	1	1	1	1	1	0	0	1	1	1	1	1	0	0	1	1	1	1	1	0	0	1	1	1	1	1	0	0	1	1	1	1	1	0	0	1	1	1	1	1	0	0	1	1	1	1	1	0	0	1	1	1	1	1	0	0	1	1	1	1	1	0	0	1	1	1	1	1	0	0	1	1	1	1	1	0	0	1	1	1	1	1	0	0	1	1	1	1	1	0	0	1	1	1	1	1	0	0	1	1	1	1	1	0	0	1	1	1	1	1	0	0	1	1	1	1	1	0	0	1	1	1	1	1	0	0	1	1	1	1	1	0	0	1	1	1	1	1	0	0	1	1	1	1	1	0	0	1	1	1	1	1	0	0	1	1	1	1	1	0	0	1	1	1	1	1	0	0
8	1	1	1	1	1	0	0	1	1	1	1	1	0	0	1	1	1	1	1	0	0	1	1	1	1	1	0	0	1	1	1	1	1	0	0	1	1	1	1	1	0	0	1	1	1	1	1	0	0	1	1	1	1	1	0	0	1	1	1	1	1	0	0	1	1	1	1	1	0	0	1	1	1	1	1	0	0	1	1	1	1	1	0	0	1	1	1	1	1	0	0	1	1	1	1	1	0	0	1	1	1	1	1	0	0	1	1	1	1	1	0	0	1	1	1	1	1	0	0	1	1	1	1	1	0	0	1	1	1	1	1	0	0	1	1	1	1	1	0	0	1	1	1	1	1	0	0	1	1	1	1	1	0	0	1	1	1	1	1	0	0	1	1	1	1	1	0	0	1	1	1	1	1	0	0	1	1	1	1	1	0	0	1	1	1	1	1	0	0	1	1	1	1	1	0	0	1	1	1	1	1	0	0	1	1	1	1	1	0	0	1	1	1	1	1	0	0	1	1	1	1	1	0	0	1	1	1	1	1	0	0	1	1	1	1	1	0	0	1	1	1	1	1	0	0	1	1	1	1	1	0	0	1	1	1	1	1	0	0	1	1	1	1	1	0	0	1	1	1	1	1	0	0	1	1	1	1	1	0	0	1	1	1	1	1	0	0	1	1	1	1	1	0	0	1	1	1	1	1	0	0	1	1	1	1	1	0	0	1	1	1	1	1	0	0	1	1	1	1	1	0	0	1	1	1	1	1	0	0	1	1	1	1	1	0	0	1	1	1	1	1	0	0	1	1	1	1	1	0	0	1	1	1	1	1	0	0	1	1	1	1	1	0	0	1
9	1	1	1	0	0	1	1	1	1	1	0	0	1	1	1	1	1	0	0	1	1	1	1	1	0	0	1	1	1	1	1	0	0	1	1	1	1	1	0	0	1	1	1	1	1	0	0	1	1	1	1	1	0	0	1	1	1	1	1	0	0	1	1	1	1	1	0	0	1	1	1	1	1	0	0	1	1	1	1	1	0	0	1	1	1	1	1	0	0	1	1	1	1	1	0	0	1	1	1	1	1	0	0	1	1	1	1	1	0	0	1	1	1	1	1	0	0	1	1	1	1	1	0	0	1	1	1	1	1	0	0	1	1	1	1	1	0	0	1	1	1	1	1	0	0	1	1	1	1	1	0	0	1	1	1	1	1	0	0	1	1	1	1	1	0	0	1	1	1	1	1	0	0	1	1	1	1	1	0	0	1	1	1	1	1	0	0	1	1	1	1	1	0	0	1	1	1	1	1	0	0	1	1	1	1	1	0	0	1	1	1	1	1	0	0	1	1	1	1	1	0	0	1	1	1	1	1	0	0	1	1	1	1	1	0	0	1	1	1	1	1	0	0	1	1	1	1	1	0	0	1	1	1	1	1	0	0	1	1	1	1	1	0	0	1	1	1	1	1	0	0	1	1	1	1	1	0	0	1	1	1	1	1	0	0	1	1	1	1	1	0	0	1	1	1	1	1	0	0	1	1	1	1	1	0	0	1	1	1	1	1	0	0	1	1	1	1	1	0	0	1	1	1	1	1	0	0	1	1	1	1	1	0	0	1	1	1	1	1	0	0	1	1	1	1	1	0	0	1	1	1	1	1	0	0	1	1	1	1	1	0	0	1	1	1
10	1	0	0	1	1	1	1	1	0	0	1	1	1	1	1	0	0	1	1	1	1	1	0	0	1	1	1	1	1	0	0	1	1	1	1	1	0	0	1	1	1	1	1	0	0	1	1	1	1	1	0	0	1	1	1	1	1	0	0	1	1	1	1	1	0	0	1	1	1	1	1	0	0	1	1	1	1	1	0	0	1	1	1	1	1	0	0	1	1	1	1	1	0	0	1	1	1	1	1	0	0	1	1	1	1	1	0	0	1	1	1	1	1	0	0	1	1	1	1	1	0	0	1	1	1	1	1	0	0	1	1	1	1	1	0	0	1	1	1	1	1	0	0	1	1	1	1	1	0	0	1	1	1	1	1	0	0	1	1	1	1	1	0	0	1	1	1	1	1	0	0	1	1	1	1	1	0	0	1	1	1	1	1	0	0	1	1	1	1	1	0	0	1	1	1	1	1	0	0	1	1	1	1	1	0	0	1	1	1	1	1	0	0	1	1	1	1	1	0	0	1	1	1	1	1	0	0	1	1	1	1	1	0	0	1	1	1	1	1	0	0	1	1	1	1	1	0	0	1	1	1	1	1	0	0	1	1	1	1	1	0	0	1	1	1	1	1	0	0	1	1	1	1	1	0	0	1	1	1	1	1	0	0	1	1	1	1	1	0	0	1	1	1	1	1	0	0	1	1	1	1	1	0	0	1	1	1	1	1	0	0	1	1	1	1	1	0	0	1	1	1	1	1	0	0	1	1	1	1	1	0	0	1	1	1	1	1	0	0	1	1	1	1	1	0	0	1	1	1	1	1	0	0	1	1	1	1	1	0	0	1	1	1	1	1
11	0	1	1	1	1	1	0	0	1	1	1	1	1	0	0	1	1	1	1	1	0	0	1	1	1	1	1	0	0	1	1	1	1	1	0	0	1	1	1	1	1	0	0	1	1	1	1	1	0	0	1	1	1	1	1	0	0	1	1	1	1	1	0	0	1	1	1	1	1	0	0	1	1	1	1	1	0	0	1	1	1	1	1	0	0	1	1	1	1	1	0	0	1	1	1	1	1	0	0	1	1	1	1	1	0	0	1	1	1	1	1	0	0	1	1	1	1	1	0	0	1	1	1	1	1	0	0	1	1	1	1	1	0	0	1	1	1	1	1	0	0	1	1	1	1	1	0	0	1	1	1	1	1	0	0	1	1	1	1	1	0	0	1	1	1	1	1	0	0	1	1	1	1	1	0	0	1	1	1	1	1	0	0	1	1	1	1	1	0	0	1	1	1	1	1	0	0	1	1	1	1	1	0	0	1	1	1	1	1	0	0	1	1	1	1	1	0	0	1	1	1	1	1	0	0	1	1	1	1	1	0	0	1	1	1	1	1	0	0	1	1	1	1	1	0	0	1	1	1	1	1	0	0	1	1	1	1	1	0	0	1	1	1	1	1	0	0	1	1	1	1	1	0	0	1	1	1	1	1	0	0	1	1	1	1	1	0	0	1	1	1	1	1	0	0	1	1	1	1	1	0	0	1	1	1	1	1	0	0	1	1	1	1	1	0	0	1	1	1	1	1	0	0	1	1	1	1	1	0	0	1	1	1	1	1	0	0	1	1	1	1	1	0	0	1	1	1	1	1	0	0	1	1	1	1	1	0	0	1	1	1	1	1	0	0
12	1	1	1	1	1	0	0	1	1	1	1	1	0	0	1	1	1	1	1	0	0	1	1	1	1	1	0	0	1	1	1	1	1	0	0	1	1	1	1	1	0	0	1	1	1	1	1	0	0	1	1	1	1	1	0	0	1	1	1	1	1	0	0	1	1	1	1	1	0	0	1	1	1	1	1	0	0	1	1	1	1	1	0	0	1	1	1	1	1	0	0	1	1	1	1	1	0	0	1	1	1	1	1	0	0	1	1	1	1	1	0	0	1	1	1	1	1	0	0	1	1	1	1	1	0	0	1	1	1	1	1	0	0	1	1	1	1	1	0	0	1	1	1	1	1	0	0	1	1	1	1	1	0	0	1	1	1	1	1	0	0	1	1	1	1	1	0	0	1	1	1	1	1	0	0	1	1	1	1	1	0	0	1	1	1	1	1	0	0	1	1	1	1	1	0	0	1	1	1	1	1	0	0	1	1	1	1	1	0	0	1	1	1	1	1	0	0	1	1	1	1	1	0	0	1	1	1	1	1	0	0	1	1	1	1	1	0	0	1	1	1	1	1	0	0	1	1	1	1	1	0	0	1	1	1	1	1	0	0	1	1	1	1	1	0	0	1	1	1	1	1	0	0	1	1	1	1	1	0	0	1	1	1	1	1	0	0	1	1	1	1	1	0	0	1	1	1	1	1	0	0	1	1	1	1	1	0	0	1	1	1	1	1	0	0	1	1	1	1	1	0	0	1	1	1	1	1	0	0	1	1	1	1	1	0	0	1	1	1	1	1	0	0	1	1	1	1	1	0	0	1	1	1	1	1	0	0	1	1	1	1	1	0	0	1
13	1	1	1	1	1	0	0	1	1	1	1	1	0	0	1	1	1	1	1	0	0	1	1	1	1	1	0	0	1	1	1	1	1	0	0	1	1	1	1	1	0	0	1	1	1	1	1	0	0	1	1	1	1	1	0	0	1	1	1	1	1	0	0	1	1	1	1	1	0	0	1	1	1	1	1	0	0	1	1	1	1	1	0	0	1	1	1	1	1	0	0	1	1	1	1	1	0	0	1	1	1	1	1	0	0	1	1	1	1	1	0	0	1	1	1	1	1	0	0	1	1	1	1	1	0	0	1	1	1	1	1	0	0	1	1	1	1	1	0	0	1	1	1	1	1	0	0	1	1	1	1	1	0	0	1	1	1	1	1	0	0	1	1	1	1	1	0	0	1	1	1	1	1	0	0	1	1	1	1	1	0	0	1	1	1	1	1	0	0	1	1	1	1	1	0	0	1	1	1	1	1	0	0	1	1	1	1	1	0	0	1	1	1	1	1	0	0	1	1	1	1	1	0	0	1	1	1	1	1	0	0	1	1	1	1	1	0	0	1	1	1	1	1	0	0	1	1	1	1	1	0	0	1	1	1	1	1	0	0	1	1	1	1	1	0	0	1	1	1	1	1	0	0	1	1	1	1	1	0	0	1	1	1	1	1	0	0	1	1	1	1	1	0	0	1	1	1	1	1	0	0	1	1	1	1	1	0	0	1	1	1	1	1	0	0	1	1	1	1	1	0	0	1	1	1	1	1	0	0	1	1	1	1	1	0	0	1	1	1	1	1	0	0	1	1	1	1	1	0	0	1	1	1	1	1	0	0	1	1	1	1	1	0	0	1
;																																																																																																																																																																																																																																																																																																																																																																													
param R7D:	1	2	3	4	5	6	7	8	9	10	11	12	13	14	15	16	17	18	19	20	21	22	23	24	25	26	27	28	29	30	31	32	33	34	35	36	37	38	39	40	41	42	43	44	45	46	47	48	49	50	51	52	53	54	55	56	57	58	59	60	61	62	63	64	65	66	67	68	69	70	71	72	73	74	75	76	77	78	79	80	81	82	83	84	85	86	87	88	89	90	91	92	93	94	95	96	97	98	99	100	101	102	103	104	105	106	107	108	109	110	111	112	113	114	115	116	117	118	119	120	121	122	123	124	125	126	127	128	129	130	131	132	133	134	135	136	137	138	139	140	141	142	143	144	145	146	147	148	149	150	151	152	153	154	155	156	157	158	159	160	161	162	163	164	165	166	167	168	169	170	171	172	173	174	175	176	177	178	179	180	181	182	183	184	185	186	187	188	189	190	191	192	193	194	195	196	197	198	199	200	201	202	203	204	205	206	207	208	209	210	211	212	213	214	215	216	217	218	219	220	221	222	223	224	225	226	227	228	229	230	231	232	233	234	235	236	237	238	239	240	241	242	243	244	245	246	247	248	249	250	251	252	253	254	255	256	257	258	259	260	261	262	263	264	265	266	267	268	269	270	271	272	273	274	275	276	277	278	279	280	281	282	283	284	285	286	287	288	289	290	291	292	293	294	295	296	297	298	299	300	301	302	303	304	305	306	307	308	309	310	311	312	313	314	315	316	317	318	319	320	321	322	323	324	325	326	327	328	329	330	331	332	333	334	335	336	337	338	339	340	341	342	343	344	345	346	347	348	349	350	351	352	353	354	355	356	357	358	359	360	361	362	363	364	365 :=
1	1	1	1	0	0	1	1	1	1	1	0	0	1	1	1	1	1	0	0	1	1	1	1	1	0	0	1	1	1	1	1	0	0	1	1	1	1	1	0	0	1	1	1	1	1	0	0	1	1	1	1	1	0	0	1	1	1	1	1	0	0	1	1	1	1	1	0	0	1	1	1	1	1	0	0	1	1	1	1	1	0	0	1	1	1	1	1	0	0	1	1	1	1	1	0	0	1	1	1	1	1	0	0	1	1	1	1	1	0	0	1	1	1	1	1	0	0	1	1	1	1	1	0	0	1	1	1	1	1	0	0	1	1	1	1	1	0	0	1	1	1	1	1	0	0	1	1	1	1	1	0	0	1	1	1	1	1	0	0	1	1	1	1	1	0	0	1	1	1	1	1	0	0	1	1	1	1	1	0	0	1	1	1	1	1	0	0	1	1	1	1	1	0	0	1	1	1	1	1	0	0	1	1	1	1	1	0	0	1	1	1	1	1	0	0	1	1	1	1	1	0	0	1	1	1	1	1	0	0	1	1	1	1	1	0	0	1	1	1	1	1	0	0	1	1	1	1	1	0	0	1	1	1	1	1	0	0	1	1	1	1	1	0	0	1	1	1	1	1	0	0	1	1	1	1	1	0	0	1	1	1	1	1	0	0	1	1	1	1	1	0	0	1	1	1	1	1	0	0	1	1	1	1	1	0	0	1	1	1	1	1	0	0	1	1	1	1	1	0	0	1	1	1	1	1	0	0	1	1	1	1	1	0	0	1	1	1	1	1	0	0	1	1	1	1	1	0	0	1	1	1	1	1	0	0	1	1	1	1	1	0	0	1	1	1
2	1	0	0	1	1	1	1	1	0	0	1	1	1	1	1	0	0	1	1	1	1	1	0	0	1	1	1	1	1	0	0	1	1	1	1	1	0	0	1	1	1	1	1	0	0	1	1	1	1	1	0	0	1	1	1	1	1	0	0	1	1	1	1	1	0	0	1	1	1	1	1	0	0	1	1	1	1	1	0	0	1	1	1	1	1	0	0	1	1	1	1	1	0	0	1	1	1	1	1	0	0	1	1	1	1	1	0	0	1	1	1	1	1	0	0	1	1	1	1	1	0	0	1	1	1	1	1	0	0	1	1	1	1	1	0	0	1	1	1	1	1	0	0	1	1	1	1	1	0	0	1	1	1	1	1	0	0	1	1	1	1	1	0	0	1	1	1	1	1	0	0	1	1	1	1	1	0	0	1	1	1	1	1	0	0	1	1	1	1	1	0	0	1	1	1	1	1	0	0	1	1	1	1	1	0	0	1	1	1	1	1	0	0	1	1	1	1	1	0	0	1	1	1	1	1	0	0	1	1	1	1	1	0	0	1	1	1	1	1	0	0	1	1	1	1	1	0	0	1	1	1	1	1	0	0	1	1	1	1	1	0	0	1	1	1	1	1	0	0	1	1	1	1	1	0	0	1	1	1	1	1	0	0	1	1	1	1	1	0	0	1	1	1	1	1	0	0	1	1	1	1	1	0	0	1	1	1	1	1	0	0	1	1	1	1	1	0	0	1	1	1	1	1	0	0	1	1	1	1	1	0	0	1	1	1	1	1	0	0	1	1	1	1	1	0	0	1	1	1	1	1	0	0	1	1	1	1	1	0	0	1	1	1	1	1
3	0	1	1	1	1	1	0	0	1	1	1	1	1	0	0	1	1	1	1	1	0	0	1	1	1	1	1	0	0	1	1	1	1	1	0	0	1	1	1	1	1	0	0	1	1	1	1	1	0	0	1	1	1	1	1	0	0	1	1	1	1	1	0	0	1	1	1	1	1	0	0	1	1	1	1	1	0	0	1	1	1	1	1	0	0	1	1	1	1	1	0	0	1	1	1	1	1	0	0	1	1	1	1	1	0	0	1	1	1	1	1	0	0	1	1	1	1	1	0	0	1	1	1	1	1	0	0	1	1	1	1	1	0	0	1	1	1	1	1	0	0	1	1	1	1	1	0	0	1	1	1	1	1	0	0	1	1	1	1	1	0	0	1	1	1	1	1	0	0	1	1	1	1	1	0	0	1	1	1	1	1	0	0	1	1	1	1	1	0	0	1	1	1	1	1	0	0	1	1	1	1	1	0	0	1	1	1	1	1	0	0	1	1	1	1	1	0	0	1	1	1	1	1	0	0	1	1	1	1	1	0	0	1	1	1	1	1	0	0	1	1	1	1	1	0	0	1	1	1	1	1	0	0	1	1	1	1	1	0	0	1	1	1	1	1	0	0	1	1	1	1	1	0	0	1	1	1	1	1	0	0	1	1	1	1	1	0	0	1	1	1	1	1	0	0	1	1	1	1	1	0	0	1	1	1	1	1	0	0	1	1	1	1	1	0	0	1	1	1	1	1	0	0	1	1	1	1	1	0	0	1	1	1	1	1	0	0	1	1	1	1	1	0	0	1	1	1	1	1	0	0	1	1	1	1	1	0	0	1	1	1	1	1	0	0
4	1	1	1	1	1	0	0	1	1	1	1	1	0	0	1	1	1	1	1	0	0	1	1	1	1	1	0	0	1	1	1	1	1	0	0	1	1	1	1	1	0	0	1	1	1	1	1	0	0	1	1	1	1	1	0	0	1	1	1	1	1	0	0	1	1	1	1	1	0	0	1	1	1	1	1	0	0	1	1	1	1	1	0	0	1	1	1	1	1	0	0	1	1	1	1	1	0	0	1	1	1	1	1	0	0	1	1	1	1	1	0	0	1	1	1	1	1	0	0	1	1	1	1	1	0	0	1	1	1	1	1	0	0	1	1	1	1	1	0	0	1	1	1	1	1	0	0	1	1	1	1	1	0	0	1	1	1	1	1	0	0	1	1	1	1	1	0	0	1	1	1	1	1	0	0	1	1	1	1	1	0	0	1	1	1	1	1	0	0	1	1	1	1	1	0	0	1	1	1	1	1	0	0	1	1	1	1	1	0	0	1	1	1	1	1	0	0	1	1	1	1	1	0	0	1	1	1	1	1	0	0	1	1	1	1	1	0	0	1	1	1	1	1	0	0	1	1	1	1	1	0	0	1	1	1	1	1	0	0	1	1	1	1	1	0	0	1	1	1	1	1	0	0	1	1	1	1	1	0	0	1	1	1	1	1	0	0	1	1	1	1	1	0	0	1	1	1	1	1	0	0	1	1	1	1	1	0	0	1	1	1	1	1	0	0	1	1	1	1	1	0	0	1	1	1	1	1	0	0	1	1	1	1	1	0	0	1	1	1	1	1	0	0	1	1	1	1	1	0	0	1	1	1	1	1	0	0	1	1	1	1	1	0	0	1
5	1	1	1	0	0	1	1	1	1	1	0	0	1	1	1	1	1	0	0	1	1	1	1	1	0	0	1	1	1	1	1	0	0	1	1	1	1	1	0	0	1	1	1	1	1	0	0	1	1	1	1	1	0	0	1	1	1	1	1	0	0	1	1	1	1	1	0	0	1	1	1	1	1	0	0	1	1	1	1	1	0	0	1	1	1	1	1	0	0	1	1	1	1	1	0	0	1	1	1	1	1	0	0	1	1	1	1	1	0	0	1	1	1	1	1	0	0	1	1	1	1	1	0	0	1	1	1	1	1	0	0	1	1	1	1	1	0	0	1	1	1	1	1	0	0	1	1	1	1	1	0	0	1	1	1	1	1	0	0	1	1	1	1	1	0	0	1	1	1	1	1	0	0	1	1	1	1	1	0	0	1	1	1	1	1	0	0	1	1	1	1	1	0	0	1	1	1	1	1	0	0	1	1	1	1	1	0	0	1	1	1	1	1	0	0	1	1	1	1	1	0	0	1	1	1	1	1	0	0	1	1	1	1	1	0	0	1	1	1	1	1	0	0	1	1	1	1	1	0	0	1	1	1	1	1	0	0	1	1	1	1	1	0	0	1	1	1	1	1	0	0	1	1	1	1	1	0	0	1	1	1	1	1	0	0	1	1	1	1	1	0	0	1	1	1	1	1	0	0	1	1	1	1	1	0	0	1	1	1	1	1	0	0	1	1	1	1	1	0	0	1	1	1	1	1	0	0	1	1	1	1	1	0	0	1	1	1	1	1	0	0	1	1	1	1	1	0	0	1	1	1	1	1	0	0	1	1	1	1	1	0	0	1	1	1
6	1	0	1	1	1	1	0	1	0	1	1	1	1	0	1	0	1	1	1	1	0	1	0	1	1	1	1	0	1	0	1	1	1	1	0	1	0	1	1	1	1	0	1	0	1	1	1	1	0	1	0	1	1	1	1	0	1	0	1	1	1	1	0	1	0	1	1	1	1	0	1	0	1	1	1	1	0	1	0	1	1	1	1	0	1	0	1	1	1	1	0	1	0	1	1	1	1	0	1	0	1	1	1	1	0	1	0	1	1	1	1	0	1	0	1	1	1	1	0	1	0	1	1	1	1	0	1	0	1	1	1	1	0	1	0	1	1	1	1	0	1	0	1	1	1	1	0	1	0	1	1	1	1	0	1	0	1	1	1	1	0	1	0	1	1	1	1	0	1	0	1	1	1	1	0	1	0	1	1	1	1	0	1	0	1	1	1	1	0	1	0	1	1	1	1	0	1	0	1	1	1	1	0	1	0	1	1	1	1	0	1	0	1	1	1	1	0	1	0	1	1	1	1	0	1	0	1	1	1	1	0	1	0	1	1	1	1	0	1	0	1	1	1	1	0	1	0	1	1	1	1	0	1	0	1	1	1	1	0	1	0	1	1	1	1	0	1	0	1	1	1	1	0	1	0	1	1	1	1	0	1	0	1	1	1	1	0	1	0	1	1	1	1	0	1	0	1	1	1	1	0	1	0	1	1	1	1	0	1	0	1	1	1	1	0	1	0	1	1	1	1	0	1	0	1	1	1	1	0	1	0	1	1	1	1	0	1	0	1	1	1	1	0	1	0	1	1	1	1	0	1	0	1	1	1	1	0	1	0	1	1	1	1	0	1
7	0	1	1	1	1	1	0	0	1	1	1	1	1	0	0	1	1	1	1	1	0	0	1	1	1	1	1	0	0	1	1	1	1	1	0	0	1	1	1	1	1	0	0	1	1	1	1	1	0	0	1	1	1	1	1	0	0	1	1	1	1	1	0	0	1	1	1	1	1	0	0	1	1	1	1	1	0	0	1	1	1	1	1	0	0	1	1	1	1	1	0	0	1	1	1	1	1	0	0	1	1	1	1	1	0	0	1	1	1	1	1	0	0	1	1	1	1	1	0	0	1	1	1	1	1	0	0	1	1	1	1	1	0	0	1	1	1	1	1	0	0	1	1	1	1	1	0	0	1	1	1	1	1	0	0	1	1	1	1	1	0	0	1	1	1	1	1	0	0	1	1	1	1	1	0	0	1	1	1	1	1	0	0	1	1	1	1	1	0	0	1	1	1	1	1	0	0	1	1	1	1	1	0	0	1	1	1	1	1	0	0	1	1	1	1	1	0	0	1	1	1	1	1	0	0	1	1	1	1	1	0	0	1	1	1	1	1	0	0	1	1	1	1	1	0	0	1	1	1	1	1	0	0	1	1	1	1	1	0	0	1	1	1	1	1	0	0	1	1	1	1	1	0	0	1	1	1	1	1	0	0	1	1	1	1	1	0	0	1	1	1	1	1	0	0	1	1	1	1	1	0	0	1	1	1	1	1	0	0	1	1	1	1	1	0	0	1	1	1	1	1	0	0	1	1	1	1	1	0	0	1	1	1	1	1	0	0	1	1	1	1	1	0	0	1	1	1	1	1	0	0	1	1	1	1	1	0	0	1	1	1	1	1	0	0
8	1	1	1	1	1	0	0	1	1	1	1	1	0	0	1	1	1	1	1	0	0	1	1	1	1	1	0	0	1	1	1	1	1	0	0	1	1	1	1	1	0	0	1	1	1	1	1	0	0	1	1	1	1	1	0	0	1	1	1	1	1	0	0	1	1	1	1	1	0	0	1	1	1	1	1	0	0	1	1	1	1	1	0	0	1	1	1	1	1	0	0	1	1	1	1	1	0	0	1	1	1	1	1	0	0	1	1	1	1	1	0	0	1	1	1	1	1	0	0	1	1	1	1	1	0	0	1	1	1	1	1	0	0	1	1	1	1	1	0	0	1	1	1	1	1	0	0	1	1	1	1	1	0	0	1	1	1	1	1	0	0	1	1	1	1	1	0	0	1	1	1	1	1	0	0	1	1	1	1	1	0	0	1	1	1	1	1	0	0	1	1	1	1	1	0	0	1	1	1	1	1	0	0	1	1	1	1	1	0	0	1	1	1	1	1	0	0	1	1	1	1	1	0	0	1	1	1	1	1	0	0	1	1	1	1	1	0	0	1	1	1	1	1	0	0	1	1	1	1	1	0	0	1	1	1	1	1	0	0	1	1	1	1	1	0	0	1	1	1	1	1	0	0	1	1	1	1	1	0	0	1	1	1	1	1	0	0	1	1	1	1	1	0	0	1	1	1	1	1	0	0	1	1	1	1	1	0	0	1	1	1	1	1	0	0	1	1	1	1	1	0	0	1	1	1	1	1	0	0	1	1	1	1	1	0	0	1	1	1	1	1	0	0	1	1	1	1	1	0	0	1	1	1	1	1	0	0	1	1	1	1	1	0	0	1
9	1	1	1	0	0	1	1	1	1	1	0	0	1	1	1	1	1	0	0	1	1	1	1	1	0	0	1	1	1	1	1	0	0	1	1	1	1	1	0	0	1	1	1	1	1	0	0	1	1	1	1	1	0	0	1	1	1	1	1	0	0	1	1	1	1	1	0	0	1	1	1	1	1	0	0	1	1	1	1	1	0	0	1	1	1	1	1	0	0	1	1	1	1	1	0	0	1	1	1	1	1	0	0	1	1	1	1	1	0	0	1	1	1	1	1	0	0	1	1	1	1	1	0	0	1	1	1	1	1	0	0	1	1	1	1	1	0	0	1	1	1	1	1	0	0	1	1	1	1	1	0	0	1	1	1	1	1	0	0	1	1	1	1	1	0	0	1	1	1	1	1	0	0	1	1	1	1	1	0	0	1	1	1	1	1	0	0	1	1	1	1	1	0	0	1	1	1	1	1	0	0	1	1	1	1	1	0	0	1	1	1	1	1	0	0	1	1	1	1	1	0	0	1	1	1	1	1	0	0	1	1	1	1	1	0	0	1	1	1	1	1	0	0	1	1	1	1	1	0	0	1	1	1	1	1	0	0	1	1	1	1	1	0	0	1	1	1	1	1	0	0	1	1	1	1	1	0	0	1	1	1	1	1	0	0	1	1	1	1	1	0	0	1	1	1	1	1	0	0	1	1	1	1	1	0	0	1	1	1	1	1	0	0	1	1	1	1	1	0	0	1	1	1	1	1	0	0	1	1	1	1	1	0	0	1	1	1	1	1	0	0	1	1	1	1	1	0	0	1	1	1	1	1	0	0	1	1	1	1	1	0	0	1	1	1
10	1	0	0	1	1	1	1	1	0	0	1	1	1	1	1	0	0	1	1	1	1	1	0	0	1	1	1	1	1	0	0	1	1	1	1	1	0	0	1	1	1	1	1	0	0	1	1	1	1	1	0	0	1	1	1	1	1	0	0	1	1	1	1	1	0	0	1	1	1	1	1	0	0	1	1	1	1	1	0	0	1	1	1	1	1	0	0	1	1	1	1	1	0	0	1	1	1	1	1	0	0	1	1	1	1	1	0	0	1	1	1	1	1	0	0	1	1	1	1	1	0	0	1	1	1	1	1	0	0	1	1	1	1	1	0	0	1	1	1	1	1	0	0	1	1	1	1	1	0	0	1	1	1	1	1	0	0	1	1	1	1	1	0	0	1	1	1	1	1	0	0	1	1	1	1	1	0	0	1	1	1	1	1	0	0	1	1	1	1	1	0	0	1	1	1	1	1	0	0	1	1	1	1	1	0	0	1	1	1	1	1	0	0	1	1	1	1	1	0	0	1	1	1	1	1	0	0	1	1	1	1	1	0	0	1	1	1	1	1	0	0	1	1	1	1	1	0	0	1	1	1	1	1	0	0	1	1	1	1	1	0	0	1	1	1	1	1	0	0	1	1	1	1	1	0	0	1	1	1	1	1	0	0	1	1	1	1	1	0	0	1	1	1	1	1	0	0	1	1	1	1	1	0	0	1	1	1	1	1	0	0	1	1	1	1	1	0	0	1	1	1	1	1	0	0	1	1	1	1	1	0	0	1	1	1	1	1	0	0	1	1	1	1	1	0	0	1	1	1	1	1	0	0	1	1	1	1	1	0	0	1	1	1	1	1
11	0	1	1	1	1	1	0	0	1	1	1	1	1	0	0	1	1	1	1	1	0	0	1	1	1	1	1	0	0	1	1	1	1	1	0	0	1	1	1	1	1	0	0	1	1	1	1	1	0	0	1	1	1	1	1	0	0	1	1	1	1	1	0	0	1	1	1	1	1	0	0	1	1	1	1	1	0	0	1	1	1	1	1	0	0	1	1	1	1	1	0	0	1	1	1	1	1	0	0	1	1	1	1	1	0	0	1	1	1	1	1	0	0	1	1	1	1	1	0	0	1	1	1	1	1	0	0	1	1	1	1	1	0	0	1	1	1	1	1	0	0	1	1	1	1	1	0	0	1	1	1	1	1	0	0	1	1	1	1	1	0	0	1	1	1	1	1	0	0	1	1	1	1	1	0	0	1	1	1	1	1	0	0	1	1	1	1	1	0	0	1	1	1	1	1	0	0	1	1	1	1	1	0	0	1	1	1	1	1	0	0	1	1	1	1	1	0	0	1	1	1	1	1	0	0	1	1	1	1	1	0	0	1	1	1	1	1	0	0	1	1	1	1	1	0	0	1	1	1	1	1	0	0	1	1	1	1	1	0	0	1	1	1	1	1	0	0	1	1	1	1	1	0	0	1	1	1	1	1	0	0	1	1	1	1	1	0	0	1	1	1	1	1	0	0	1	1	1	1	1	0	0	1	1	1	1	1	0	0	1	1	1	1	1	0	0	1	1	1	1	1	0	0	1	1	1	1	1	0	0	1	1	1	1	1	0	0	1	1	1	1	1	0	0	1	1	1	1	1	0	0	1	1	1	1	1	0	0	1	1	1	1	1	0	0
12	1	1	1	1	1	0	0	1	1	1	1	1	0	0	1	1	1	1	1	0	0	1	1	1	1	1	0	0	1	1	1	1	1	0	0	1	1	1	1	1	0	0	1	1	1	1	1	0	0	1	1	1	1	1	0	0	1	1	1	1	1	0	0	1	1	1	1	1	0	0	1	1	1	1	1	0	0	1	1	1	1	1	0	0	1	1	1	1	1	0	0	1	1	1	1	1	0	0	1	1	1	1	1	0	0	1	1	1	1	1	0	0	1	1	1	1	1	0	0	1	1	1	1	1	0	0	1	1	1	1	1	0	0	1	1	1	1	1	0	0	1	1	1	1	1	0	0	1	1	1	1	1	0	0	1	1	1	1	1	0	0	1	1	1	1	1	0	0	1	1	1	1	1	0	0	1	1	1	1	1	0	0	1	1	1	1	1	0	0	1	1	1	1	1	0	0	1	1	1	1	1	0	0	1	1	1	1	1	0	0	1	1	1	1	1	0	0	1	1	1	1	1	0	0	1	1	1	1	1	0	0	1	1	1	1	1	0	0	1	1	1	1	1	0	0	1	1	1	1	1	0	0	1	1	1	1	1	0	0	1	1	1	1	1	0	0	1	1	1	1	1	0	0	1	1	1	1	1	0	0	1	1	1	1	1	0	0	1	1	1	1	1	0	0	1	1	1	1	1	0	0	1	1	1	1	1	0	0	1	1	1	1	1	0	0	1	1	1	1	1	0	0	1	1	1	1	1	0	0	1	1	1	1	1	0	0	1	1	1	1	1	0	0	1	1	1	1	1	0	0	1	1	1	1	1	0	0	1	1	1	1	1	0	0	1
13	1	1	0	1	1	1	0	1	1	0	1	1	1	0	1	1	0	1	1	1	0	1	1	0	1	1	1	0	1	1	0	1	1	1	0	1	1	0	1	1	1	0	1	1	0	1	1	1	0	1	1	0	1	1	1	0	1	1	0	1	1	1	0	1	1	0	1	1	1	0	1	1	0	1	1	1	0	1	1	0	1	1	1	0	1	1	0	1	1	1	0	1	1	0	1	1	1	0	1	1	0	1	1	1	0	1	1	0	1	1	1	0	1	1	0	1	1	1	0	1	1	0	1	1	1	0	1	1	0	1	1	1	0	1	1	0	1	1	1	0	1	1	0	1	1	1	0	1	1	0	1	1	1	0	1	1	0	1	1	1	0	1	1	0	1	1	1	0	1	1	0	1	1	1	0	1	1	0	1	1	1	0	1	1	0	1	1	1	0	1	1	0	1	1	1	0	1	1	0	1	1	1	0	1	1	0	1	1	1	0	1	1	0	1	1	1	0	1	1	0	1	1	1	0	1	1	0	1	1	1	0	1	1	0	1	1	1	0	1	1	0	1	1	1	0	1	1	0	1	1	1	0	1	1	0	1	1	1	0	1	1	0	1	1	1	0	1	1	0	1	1	1	0	1	1	0	1	1	1	0	1	1	0	1	1	1	0	1	1	0	1	1	1	0	1	1	0	1	1	1	0	1	1	0	1	1	1	0	1	1	0	1	1	1	0	1	1	0	1	1	1	0	1	1	0	1	1	1	0	1	1	0	1	1	1	0	1	1	0	1	1	1	0	1	1	0	1	1	1	0	1	1	0	1	1	1	0	1	1	0	1	1	1	0	1
;	

# Cuando se puede ingresar gente
param: 	INGRESO	SALIDA :=
1	1	0
2	0	0
3	0	0
4	0	0
5	0	0
6	0	0
7	0	0
8	1	0
9	0	0
10	0	0
11	0	0
12	0	0
13	0	0
14	0	0
15	1	0
16	0	0
17	0	0
18	0	0
19	0	0
20	0	0
21	0	0
22	0	0
23	0	0
24	0	0
25	0	0
26	0	0
27	0	0
28	0	0
29	0	0
30	0	0
31	0	0
32	0	1
33	0	0
34	0	0
35	0	0
36	1	0
37	0	0
38	0	0
39	0	0
40	0	0
41	0	0
42	0	0
43	1	0
44	0	0
45	0	0
46	0	0
47	0	0
48	0	0
49	0	0
50	1	0
51	0	0
52	0	0
53	0	0
54	0	0
55	0	0
56	0	0
57	0	0
58	0	0
59	0	0
60	0	1
61	0	0
62	0	0
63	0	0
64	1	0
65	0	0
66	0	0
67	0	0
68	0	0
69	0	0
70	0	0
71	1	0
72	0	0
73	0	0
74	0	0
75	0	0
76	0	0
77	0	0
78	1	0
79	0	0
80	0	0
81	0	0
82	0	0
83	0	0
84	0	0
85	0	0
86	0	0
87	0	0
88	0	0
89	0	0
90	0	0
91	0	1
92	1	0
93	0	0
94	0	0
95	0	0
96	0	0
97	0	0
98	0	0
99	1	0
100	0	0
101	0	0
102	0	0
103	0	0
104	0	0
105	0	0
106	1	0
107	0	0
108	0	0
109	0	0
110	0	0
111	0	0
112	0	0
113	0	0
114	0	0
115	0	0
116	0	0
117	0	0
118	0	0
119	0	0
120	0	0
121	0	1
122	0	0
123	0	0
124	0	0
125	0	0
126	0	0
127	1	0
128	0	0
129	0	0
130	0	0
131	0	0
132	0	0
133	0	0
134	1	0
135	0	0
136	0	0
137	0	0
138	0	0
139	0	0
140	0	0
141	1	0
142	0	0
143	0	0
144	0	0
145	0	0
146	0	0
147	0	0
148	0	0
149	0	0
150	0	0
151	0	0
152	0	1
153	0	0
154	0	0
155	1	0
156	0	0
157	0	0
158	0	0
159	0	0
160	0	0
161	0	0
162	1	0
163	0	0
164	0	0
165	0	0
166	0	0
167	0	0
168	0	0
169	1	0
170	0	0
171	0	0
172	0	0
173	0	0
174	0	0
175	0	0
176	0	0
177	0	0
178	0	0
179	0	0
180	0	0
181	0	0
182	0	1
183	1	0
184	0	0
185	0	0
186	0	0
187	0	0
188	0	0
189	0	0
190	1	0
191	0	0
192	0	0
193	0	0
194	0	0
195	0	0
196	0	0
197	1	0
198	0	0
199	0	0
200	0	0
201	0	0
202	0	0
203	0	0
204	0	0
205	0	0
206	0	0
207	0	0
208	0	0
209	0	0
210	0	0
211	0	0
212	0	0
213	0	1
214	0	0
215	0	0
216	0	0
217	0	0
218	1	0
219	0	0
220	0	0
221	0	0
222	0	0
223	0	0
224	0	0
225	1	0
226	0	0
227	0	0
228	0	0
229	0	0
230	0	0
231	0	0
232	1	0
233	0	0
234	0	0
235	0	0
236	0	0
237	0	0
238	0	0
239	0	0
240	0	0
241	0	0
242	0	0
243	0	0
244	0	1
245	0	0
246	1	0
247	0	0
248	0	0
249	0	0
250	0	0
251	0	0
252	0	0
253	1	0
254	0	0
255	0	0
256	0	0
257	0	0
258	0	0
259	0	0
260	1	0
261	0	0
262	0	0
263	0	0
264	0	0
265	0	0
266	0	0
267	0	0
268	0	0
269	0	0
270	0	0
271	0	0
272	0	0
273	0	0
274	1	1
275	0	0
276	0	0
277	0	0
278	0	0
279	0	0
280	0	0
281	1	0
282	0	0
283	0	0
284	0	0
285	0	0
286	0	0
287	0	0
288	1	0
289	0	0
290	0	0
291	0	0
292	0	0
293	0	0
294	0	0
295	0	0
296	0	0
297	0	0
298	0	0
299	0	0
300	0	0
301	0	0
302	0	0
303	0	0
304	0	0
305	0	1
306	0	0
307	0	0
308	0	0
309	1	0
310	0	0
311	0	0
312	0	0
313	0	0
314	0	0
315	0	0
316	1	0
317	0	0
318	0	0
319	0	0
320	0	0
321	0	0
322	0	0
323	1	0
324	0	0
325	0	0
326	0	0
327	0	0
328	0	0
329	0	0
330	0	0
331	0	0
332	0	0
333	0	0
334	0	0
335	0	1
336	0	0
337	1	0
338	0	0
339	0	0
340	0	0
341	0	0
342	0	0
343	0	0
344	1	0
345	0	0
346	0	0
347	0	0
348	0	0
349	0	0
350	0	0
351	1	0
352	0	0
353	0	0
354	0	0
355	0	0
356	0	0
357	0	0
358	0	0
359	0	0
360	0	0
361	0	0
362	0	0
363	0	0
364	0	0
365	0	0
;

# Demandaaaaaaaaaaaa
param DEM:	1	2	3	4	5	6	7	8	9	10	11	12	13	14	15	16	17	18	19	20	21	22	23	24	25	26	27	:=
1	0	0	0	0	0	0	0	0	0	0	0	0	0	0	0	0	0	0	0	0	0	0	0	0	0	0	0	
2	0	1	1	1	1	0.5	1	1	1.5	1.5	1.5	1.5	1.5	1.5	1.5	1.5	1.5	1.5	2	2	2	2	1.5	1	0.5	0.5	0.5	
3	0	1	1	1	1	1	1	1.5	2	2.5	2.5	2.5	2.5	2	2	2	2	2.5	3	3.5	3	2.5	2	1.5	1	0.5	0.5	
4	0	1.5	1.5	1.5	1	0.5	0.5	1	1	1	1	1	1	1	1	1	1	1	1	1.5	1.5	1	1	1	0.5	0.5	0.5	
5	0	1.5	1.5	1.5	1	1	1	1.5	1.5	2	2.5	2.5	2.5	2.5	2	2	2	2.5	2.5	2.5	2.5	2	2	1.5	1	0.5	0.5	
6	0	1	1	1.5	1	1.5	1.5	2	2	2	2	2	2	1.5	1.5	1.5	1.5	1.5	1.5	2	2	2	2	1.5	1.5	1	0.5	
7	0	1	1	1.5	1	1	1.5	1.5	1.5	1.5	1.5	1.5	1.5	1.5	1.5	1.5	1.5	1.5	2	2	2	2	1.5	1.5	1	0.5	0.5	
8	0	1.5	1.5	1.5	1	1.5	1.5	2	2.5	3	3	3	3	2.5	2.5	2.5	2.5	3	3.5	4	4	3.5	2.5	2	1	0.5	0.5	
9	0	2	2	2	1.5	1	1.5	1.5	2	2.5	2.5	2.5	2	2	2	2	2	2.5	3	3	3	2.5	2	1.5	1	0.5	0.5	
10	0	1.5	1.5	1.5	1	1.5	1.5	2	2.5	3	3	3	3	2.5	2.5	2	2.5	3	3.5	4	4	3.5	2.5	2	1	0.5	0.5	
11	0	1.5	1.5	1.5	1	1.5	1.5	2	2.5	3	3	3	3	2.5	2.5	2.5	2.5	3	3.5	4	4	3.5	2.5	2	1	0.5	0.5	
12	0	1.5	1.5	1.5	1.5	1	1	1.5	2	2	2.5	2.5	2.5	2.5	2.5	2.5	2.5	2.5	2.5	2.5	2.5	2.5	2	1.5	1	0.5	0.5	
13	0	1	1	1.5	1	1.5	2	2.5	2.5	2.5	2.5	2.5	2.5	2	2	2	2	2	2	2.5	2.5	2.5	2.5	2	1.5	1	0.5	
14	0	1	1	1.5	1	1	1	1.5	1.5	1.5	1.5	1.5	1.5	1.5	1.5	1.5	1.5	1.5	1.5	1.5	1.5	1.5	1.5	1.5	1	0.5	0.5	
15	0	1.5	1.5	1.5	1	1	1.5	2	2	2.5	2.5	2.5	2.5	2	2	2	2	2.5	3	3.5	3.5	3	2	1.5	1	0.5	0.5	
16	0	0.5	0.5	0.5	0.5	0.5	0.5	0.5	1	1	1	1	1	1	1	1	1	1	1.5	1.5	1.5	1	1	0.5	0.5	0.5	0.5	
17	0	1.5	1.5	1.5	1	1	1	1.5	2	2	2	2	2	1.5	1.5	1.5	1.5	2	2.5	2.5	2.5	2.5	2	1.5	1	0.5	0.5	
18	0	1.5	1.5	1.5	1	1	1.5	1.5	2	2.5	2.5	2.5	2.5	2	2	2	2	2.5	3	3.5	3	3	2	1.5	1	0.5	0.5	
19	0	1.5	1.5	1.5	1	1	1	1.5	1.5	2	2	2	2	2	2	2	2	2	2	2	2	2	1.5	1.5	1	0.5	0.5	
20	0	1	1	1	1	1	1	1	1	1	1	1	1	1	1	1	1	1	1	1	1	1	1	1	0.5	0.5	0.5	
21	0	1.5	1.5	1.5	1	1	1	1	1	1	1	0.5	0.5	0.5	0.5	0.5	0.5	0.5	1	1	1	1	1	0.5	0.5	0.5	0.5	
22	0	1.5	1.5	1.5	1	1	1	1	1	1.5	1.5	1.5	1.5	1	1	1	1	1.5	1.5	2	1.5	1.5	1.5	1	0.5	0.5	0.5	
23	0	1.5	1.5	2	1.5	1	1.5	2	2	2.5	2.5	2.5	2.5	2.5	2	2	2	2.5	3	3.5	3.5	3	2.5	1.5	1	0.5	0.5	
24	0	1.5	1.5	2	1.5	1	1.5	2	2.5	2.5	3	3	2.5	2.5	2	2	2.5	3	3.5	3.5	3.5	3	2.5	1.5	1	0.5	0.5	
25	0	1.5	2	2	1.5	1.5	1.5	2	2.5	3	3	3	3	2.5	2.5	2.5	2.5	3	3.5	4	4	3.5	2.5	2	1	0.5	0.5	
26	0	1.5	1.5	1.5	1.5	1	1.5	2	2.5	3	3.5	3.5	3.5	3.5	3	3	3	3	3.5	3.5	3.5	3	2.5	2	1.5	1	0.5	
27	0	1.5	1.5	2	1.5	2	2	2.5	3	3	3	2.5	2.5	2.5	2.5	2.5	2.5	2.5	2.5	2.5	2.5	2.5	2.5	2	2	1	1	
28	0	1.5	1.5	2	1.5	2	2.5	2.5	3	3	3	2.5	2.5	2.5	2.5	2.5	2.5	3	3	3	3.5	3.5	3	2.5	2	1	1	
29	0	1	1	1	1	1	1.5	2.5	3	3.5	4	4	3.5	3	3	3	3	4	4.5	5	5	4	3	2	1	0.5	0.5	
30	0	1	1	1	1	1	1.5	2.5	3	3.5	3.5	4	3.5	3	3	3	3	3.5	4.5	5	5	4	3	2	1	0.5	0.5	
31	0	1	1	1	1	1	1	1.5	2	2.5	2.5	2.5	2.5	2.5	2	2	2	2.5	3	3.5	3.5	3	2	1.5	1	0.5	0.5	
32	0	1.5	2	2	1.5	1.5	2	2.5	3	3.5	4	4	3.5	3	3	3	3	4	4.5	5	5	4	3	2	1.5	0.5	0.5	
33	0	2	2	2	1.5	1	1.5	1.5	2	2.5	3	3	3	3	3	2.5	2.5	3	3	3	3	3	2.5	2	1.5	1	0.5	
34	0	1	1	1.5	1.5	1.5	2	2.5	2.5	2.5	2.5	2.5	2.5	2.5	2	2	2	2	2.5	2.5	2.5	2.5	2.5	2	1.5	1	0.5	
35	0	1.5	1.5	1.5	1.5	1.5	2	2	2.5	2.5	2.5	2	2	2	2	2	2.5	2.5	2.5	2.5	3	2.5	2.5	2	1.5	1	0.5	
36	0	1.5	2	2	1.5	1.5	2	2.5	3	3.5	3.5	3.5	3.5	3	3	2.5	3	3.5	4.5	5	4.5	4	3	2	1.5	0.5	0.5	
37	0	1.5	1.5	2	1.5	1.5	1.5	2	2.5	3	3	3	3	2.5	2.5	2.5	2.5	3	3.5	4	4	3.5	2.5	2	1	0.5	0.5	
38	0	1.5	1.5	2	1.5	1	1.5	2	2	2.5	2.5	2.5	2.5	2	2	2	2	2.5	3	3.5	3.5	3	2	1.5	1	0.5	0.5	
39	0	1.5	1.5	2	1.5	1.5	1.5	2	2.5	3	3	3	3	2.5	2.5	2.5	2.5	3	3.5	4	4	3.5	2.5	2	1	0.5	0.5	
40	0	1.5	1.5	1.5	1	1	1.5	2	3	3.5	4	4.5	4.5	4	4	4	4	4	4.5	4.5	4.5	4	3	2.5	1.5	1	1	
41	0	1	1	1.5	1.5	1.5	2	2.5	2.5	2.5	2.5	2.5	2.5	2.5	2.5	2.5	2.5	2.5	2.5	2.5	2.5	2.5	2.5	2	1.5	1	1	
42	0	1	1.5	1.5	1.5	1.5	1.5	1.5	2	2	2	2	2	1.5	2	2	2	2	2	2	2	2	2	1.5	1.5	1	0.5	
43	0	1.5	1.5	1.5	1	1.5	1.5	2.5	3	3.5	3.5	3.5	3.5	3	2.5	2.5	3	3.5	4	4.5	4.5	4	3	2	1.5	0.5	0.5	
44	0	1.5	1.5	1.5	1	1	1.5	1.5	2	2.5	2.5	2.5	2.5	2	2	2	2	2.5	3	3.5	3.5	3	2	1.5	1	0.5	0.5	
45	0	1.5	1.5	1.5	1.5	1	1.5	2	2.5	2.5	3	3	2.5	2.5	2	2	2.5	2.5	3.5	3.5	3.5	3	2.5	1.5	1	0.5	0.5	
46	0	1.5	1.5	1.5	1.5	1	1.5	2	2.5	2.5	3	3	2.5	2.5	2	2	2.5	3	3.5	4	3.5	3	2.5	1.5	1	0.5	0.5	
47	0	1.5	1.5	1.5	1	1	1	1.5	2	2.5	3	3	3	3	3	3	3	3	3	3	3	3	2.5	1.5	1.5	1	0.5	
48	0	1	1	1	1	1	1	1.5	1.5	1.5	1.5	1.5	1.5	1.5	1.5	1.5	1	1.5	1.5	1.5	1.5	1.5	1.5	1	1	0.5	0.5	
49	0	1	1	1	1	1	1	1.5	1.5	1.5	1.5	1.5	1.5	1.5	1.5	1.5	1.5	1.5	1.5	1.5	1.5	1.5	1.5	1.5	1	0.5	0.5	
50	0	1	1	1.5	1	1	1	1.5	1.5	2	2	2	2	1.5	1.5	1.5	1.5	2	2	2.5	2.5	2	1.5	1	1	0.5	0.5	
51	0	1.5	1.5	1.5	1.5	1	1.5	1.5	2	2.5	2.5	2.5	2	2	2	2	2	2.5	3	3	3	2.5	2	1.5	1	0.5	0.5	
52	0	1.5	1.5	1.5	1	1	1	1.5	2	2	2	2	2	2	1.5	1.5	2	2	2.5	3	3	2.5	2	1.5	1	0.5	0.5	
53	0	1.5	1.5	1.5	1	1	1	1.5	2	2	2.5	2.5	2	2	1.5	1.5	2	2	2.5	3	3	2.5	2	1.5	1	0.5	0.5	
54	0	1.5	1.5	1.5	1	1	1	1.5	2	2.5	2.5	3	3	2.5	2.5	2.5	2.5	2.5	2.5	3	2.5	2.5	2	1.5	1	1	0.5	
55	0	1	1	1	1	1	1	1.5	1.5	1.5	1.5	1.5	1.5	1.5	1.5	1	1	1	1.5	1.5	1.5	1.5	1.5	1	1	0.5	0.5	
56	0	1	1	1	1	1	1	1.5	1.5	1.5	1.5	1.5	1.5	1.5	1.5	1.5	1.5	1.5	1.5	1.5	2	1.5	1.5	1.5	1	0.5	0.5	
57	0	1	1	1.5	1	1.5	1.5	2.5	3	3.5	3.5	3.5	3.5	3	2.5	2.5	3	3.5	4	4.5	4.5	4	3	2	1	0.5	0.5	
58	0	1.5	1.5	1.5	1	1	1	1.5	2	2	2	2	2	2	1.5	1.5	2	2	2.5	3	3	2.5	2	1.5	1	0.5	0.5	
59	0	1.5	1.5	1.5	1.5	1	1	1.5	2	2	2	2	2	2	1.5	1.5	2	2	2.5	2.5	2.5	2.5	2	1.5	1	0.5	0.5	
60	0	1.5	1.5	1.5	1.5	1	1.5	1.5	2	2.5	2.5	2.5	2.5	2	2	2	2	2.5	3	3	3	2.5	2	1.5	1	0.5	0.5	
61	0	1.5	1.5	1.5	1	1	1	1.5	2	2	2.5	2.5	2.5	2.5	2.5	2.5	2.5	2.5	2.5	2.5	2.5	2.5	2	1.5	1	0.5	0.5	
62	0	1	1	1.5	1	1	1.5	1.5	1.5	1.5	1.5	1.5	1.5	1.5	1.5	1.5	1.5	1.5	1.5	1.5	1.5	1.5	1.5	1.5	1	0.5	0.5	
63	0	1	1	1.5	1	1	1	1.5	1.5	1.5	1.5	1.5	1	1	1	1	1.5	1.5	1.5	1.5	1.5	1.5	1.5	1	1	0.5	0.5	
64	0	1.5	1.5	1.5	1	1	1	1.5	2	2	2	2	2	2	1.5	1.5	2	2	2.5	2.5	2.5	2.5	2	1.5	1	0.5	0.5	
65	0	1.5	1.5	1.5	1.5	1	1.5	1.5	2	2.5	2.5	2.5	2.5	2	2	2	2	2.5	3	3.5	3	3	2	1.5	1	0.5	0.5	
66	0	1.5	1.5	2	1.5	1	1.5	2	2	2.5	2.5	2.5	2.5	2.5	2	2	2	2.5	3	3.5	3.5	3	2.5	1.5	1	0.5	0.5	
67	0	1.5	1.5	1.5	1	1	1.5	2	2.5	2.5	3	3	2.5	2.5	2	2	2.5	3	3.5	3.5	3.5	3	2.5	1.5	1	0.5	0.5	
68	0	1.5	1.5	1.5	1	1	1	1.5	2	2.5	3	3	3	3	3	2.5	2.5	3	3	3	3	2.5	2	1.5	1.5	1	0.5	
69	0	1.5	1.5	1.5	1.5	1	1.5	1.5	1.5	1.5	1.5	1.5	1.5	1.5	1.5	1.5	1.5	1.5	1.5	1.5	1.5	1.5	1.5	1.5	1	0.5	0.5	
70	0	1	1	1	1	1	1	1.5	1.5	1.5	1.5	1.5	1.5	1.5	1.5	1.5	1.5	1.5	1.5	1.5	1.5	1.5	1.5	1	1	0.5	0.5	
71	0	1.5	1.5	1.5	1	1	1	1.5	2	2	2	2	2	2	1.5	1.5	2	2	2.5	3	3	2.5	2	1.5	1	0.5	0.5	
72	0	1.5	1.5	1.5	1.5	1	1.5	2	2.5	2.5	3	3	2.5	2.5	2	2	2.5	2.5	3	3.5	3.5	3	2.5	1.5	1	0.5	0.5	
73	0	1.5	1.5	1.5	1.5	1	1.5	2	2.5	3	3.5	3.5	3	3	2.5	2.5	3	3.5	4	4.5	4.5	3.5	3	2	1	0.5	0.5	
74	0	1	1	1	1	1	1	1.5	2	2	2	2	2	2	1.5	1.5	2	2	2.5	3	2.5	2.5	2	1.5	1	0.5	0.5	
75	0	1	1	1	1	1	1	1	1.5	2	2	2.5	2.5	2	2	2	2	2	2	2.5	2	2	1.5	1.5	1	0.5	0.5	
76	0	1	1	1	1	1	1	1	1.5	1.5	1.5	1	1	1	1	1	1	1	1	1	1.5	1.5	1	1	1	0.5	0.5	
77	0	1	1	1	1	1	1	1	1.5	1.5	1.5	1	1	1	1	1	1	1.5	1.5	1.5	1.5	1.5	1.5	1	1	0.5	0.5	
78	0	1	1	1	1	1	1	1.5	1.5	2	2	2	2	1.5	1.5	1.5	1.5	2	2	2.5	2.5	2	1.5	1	1	0.5	0.5	
79	0	1	1	1.5	1	1	1.5	2	2.5	3	3	3	3	2.5	2.5	2	2.5	3	3.5	4	4	3	2.5	1.5	1	0.5	0.5	
80	0	1	1	1	1	1	1	1.5	1.5	2	2	2	2	1.5	1.5	1.5	1.5	2	2	2.5	2.5	2	1.5	1	1	0.5	0.5	
81	0	1.5	1.5	1.5	1	1	1	1.5	1.5	2	2	2	2	1.5	1.5	1.5	1.5	2	2.5	2.5	2.5	2	1.5	1	1	0.5	0.5	
82	0	1.5	1.5	1.5	1	1	1	1.5	2	2.5	2.5	2.5	2.5	2.5	2.5	2.5	2.5	2.5	2.5	3	2.5	2.5	2	1.5	1	0.5	0.5	
83	0	1	1	1	1	1	1	1	1.5	1.5	1.5	1	1	1	1	1	1	1	1	1	1	1.5	1	1	1	0.5	0.5	
84	0	1	1	1	1	1	1	1.5	1.5	1.5	1.5	1.5	1.5	1.5	1.5	1.5	1.5	1.5	1.5	1.5	1.5	1.5	1.5	1.5	1	0.5	0.5	
85	0	1.5	1.5	1.5	1	1	1	1.5	1.5	2	2	2	2	1.5	1.5	1.5	1.5	2	2.5	2.5	2.5	2	1.5	1	1	0.5	0.5	
86	0	1.5	1.5	1.5	1.5	1	1	1.5	2	2	2	2	2	2	1.5	1.5	2	2	2.5	3	3	2.5	2	1.5	1	0.5	0.5	
87	0	1.5	1.5	1.5	1.5	1	1.5	1.5	2	2.5	2.5	2.5	2.5	2	2	2	2	2.5	3	3	3	2.5	2	1.5	1	0.5	0.5	
88	0	1.5	1.5	1.5	1	1	1	1.5	2	2	2.5	2.5	2	2	1.5	1.5	2	2	2.5	3	3	2.5	2	1.5	1	0.5	0.5	
89	0	0.5	0.5	0.5	0.5	0.5	0.5	0.5	0.5	0.5	0.5	0.5	0.5	0.5	0.5	0.5	0.5	0.5	0.5	0.5	0.5	0.5	0.5	0.5	0.5	0.5	0.5	
90	0	1	1	1	1	1	1	1	1	1.5	1	1	1	1	1	1	1	1	1	1	1	1	1	1	1	0.5	0.5	
91	0	1.5	1.5	1.5	1.5	1	1.5	1.5	1.5	1.5	1.5	1.5	1.5	1.5	1.5	1.5	1.5	1.5	2	2	2	2	1.5	1.5	1	0.5	0.5	
92	0	2	2	2	1.5	1.5	1.5	2.5	3	3.5	3.5	3.5	3.5	3	2.5	2.5	3	3.5	4	4.5	4.5	4	3	2	1.5	0.5	0.5	
93	0	1.5	1.5	1.5	1	1	1.5	2	2	2.5	2.5	2.5	2.5	2.5	2	2	2	2.5	3	3.5	3.5	3	2.5	1.5	1	0.5	0.5	
94	0	1.5	1.5	1.5	1	1	1.5	2	2	2.5	2.5	2.5	2.5	2.5	2	2	2	2.5	3	3.5	3.5	3	2.5	1.5	1	0.5	0.5	
95	0	1.5	1.5	1.5	1	1	1.5	1.5	2	2.5	2.5	2.5	2.5	2	2	2	2	2.5	3	3	3	2.5	2	1.5	1	0.5	0.5	
96	0	1.5	1.5	2	1.5	1.5	1.5	2.5	3	4	4.5	5	5	4.5	4.5	4	4	4.5	4.5	5	4.5	4	3.5	2.5	2	1	1	
97	0	2	2	2	2	2	2.5	3	3.5	3.5	3.5	3	3	3	3	3	3	3	3	3	3	3	3	2.5	2	1.5	1	
98	0	2	2	2	1.5	1.5	2	2	2.5	2.5	2.5	2	2	2	2	2	2.5	2.5	2.5	2.5	3	2.5	2.5	2	1.5	1	0.5	
99	0	2	2	2	1.5	1.5	1.5	2	2.5	3	3	3	2.5	2.5	2	2	2.5	3	3.5	4	3.5	3	2.5	1.5	1	0.5	0.5	
100	0	1	1	1	1	1	1.5	2	2.5	2.5	3	3	3	2.5	2.5	2	2.5	3	3.5	4	3.5	3	2.5	1.5	1	0.5	0.5	
101	0	1	1	1	1	1	1.5	2	2.5	3	3	3	3	2.5	2.5	2	2.5	3	3.5	4	4	3	2.5	1.5	1	0.5	0.5	
102	0	1.5	1.5	1.5	1.5	1	1.5	1.5	2	2.5	2.5	2.5	2.5	2	2	2	2	2.5	3	3.5	3.5	3	2	1.5	1	0.5	0.5	
103	0	1.5	1.5	1.5	1.5	1	1.5	2	2.5	3	3.5	3.5	3.5	3.5	3	3	3	3	3.5	3.5	3.5	3	2.5	2	1.5	1	0.5	
104	0	1.5	1.5	1.5	1.5	1.5	1.5	2	2	2	2	2	2	1.5	1.5	1.5	1.5	1.5	1.5	2	2	2	2	1.5	1.5	1	0.5	
105	0	1.5	1.5	1.5	1	1.5	1.5	1.5	1.5	2	1.5	1.5	1.5	1.5	1.5	1.5	1.5	2	2	2	2	2	2	1.5	1	1	0.5	
106	0	1.5	1.5	1.5	1	1	1.5	2	2	2.5	2.5	2.5	2.5	2	2	2	2	2.5	3	3.5	3.5	3	2	1.5	1	0.5	0.5	
107	0	1.5	1.5	1.5	1	1	1.5	2	2	2.5	2.5	2.5	2.5	2	2	2	2	2.5	3	3.5	3.5	3	2	1.5	1	0.5	0.5	
108	0	1.5	1.5	1.5	1	1	1	1.5	2	2	2.5	2.5	2	2	2	2	2	2.5	3	3	3	2.5	2	1.5	1	0.5	0.5	
109	0	1.5	1.5	1.5	1.5	1	1.5	2	2.5	3	3	3	3	2.5	2.5	2	2.5	3	3.5	4	3.5	3	2.5	1.5	1	0.5	0.5	
110	0	1.5	1.5	1.5	1	1	1	1.5	2	2.5	3	3	3	3	3	2.5	3	3	3	3	3	3	2.5	1.5	1.5	1	0.5	
111	0	1	1	1	1	1	1	1.5	1.5	1.5	1.5	1.5	1.5	1.5	1.5	1.5	1.5	1.5	1.5	1.5	1.5	1.5	1.5	1	1	0.5	0.5	
112	0	1	1	1	1	1	1	1	1	1	1	1	1	1	1	1	1	1	1	1.5	1.5	1.5	1	1	1	0.5	0.5	
113	0	1.5	1.5	1.5	1	1	1	1.5	1.5	2	2	2	2	1.5	1.5	1.5	1.5	2	2.5	2.5	2.5	2	1.5	1	1	0.5	0.5	
114	0	1	1	1	1	1	1.5	1.5	2	2.5	2.5	2.5	2.5	2	2	2	2	2.5	3	3.5	3.5	3	2	1.5	1	0.5	0.5	
115	0	1	1	1	1	1	1	1.5	2	2	2.5	2.5	2	2	2	2	2	2.5	3	3	3	2.5	2	1.5	1	0.5	0.5	
116	0	1.5	1.5	1.5	1.5	1	1	1.5	2	2	2	2	2	2	1.5	1.5	2	2	2.5	3	3	2.5	2	1.5	1	0.5	0.5	
117	0	2	2	2	1.5	1	1.5	1.5	2	2.5	3	3.5	3.5	3	3	3	3	3	3	3.5	3	3	2.5	2	1.5	1	0.5	
118	0	1.5	1.5	1.5	1.5	1.5	1.5	2	2	2	2	2	2	2	2	2	2	2	2	2	2	2	2	1.5	1.5	1	0.5	
119	0	1	1	1.5	1.5	1	1.5	1.5	2	2	2	1.5	1.5	1.5	1.5	1.5	2	2	2	2	2	2	2	1.5	1	1	0.5	
120	0	1.5	1.5	1.5	1	1.5	1.5	2	2.5	3	3	3	3	2.5	2.5	2.5	2.5	3	3.5	4	4	3.5	2.5	2	1	0.5	0.5	
121	0	0.5	0.5	0.5	0.5	0.5	0.5	0.5	0.5	0.5	0.5	0.5	0.5	0.5	0.5	0.5	0.5	0.5	0.5	0.5	0.5	0.5	0.5	0.5	0.5	0.5	0.5	
122	0	1.5	1.5	1.5	1	1	1	1.5	2	2	2	2	2	2	1.5	1.5	2	2	2.5	3	3	2.5	2	1.5	1	0.5	0.5	
123	0	1.5	1.5	1.5	1.5	1	1.5	1.5	2	2.5	2.5	2.5	2.5	2	2	2	2	2.5	3	3.5	3	3	2	1.5	1	0.5	0.5	
124	0	2	2	2	1.5	1	1.5	2	2.5	3	3.5	3.5	3.5	3.5	3	3	3	3.5	3.5	3.5	3.5	3	2.5	2	1.5	1	0.5	
125	0	1	1.5	1.5	1.5	1.5	1.5	2	2	2	2	2	2	2	2	2	2	2	2	2	2	2	2	2	1.5	1	0.5	
126	0	1.5	1.5	2	1.5	1.5	2	2	2	2	2	2	2	2	2	2	2	2	2.5	2.5	2.5	2.5	2.5	2	1.5	1	0.5	
127	0	1.5	1.5	1.5	1.5	1.5	2	2.5	3	3.5	4	4	3.5	3	3	3	3	3.5	4.5	5	5	4	3	2	1.5	0.5	0.5	
128	0	1	1	1	1	1	1.5	2	3	3.5	3.5	3.5	3.5	3	2.5	2.5	3	3.5	4	4.5	4.5	4	3	2	1	0.5	0.5	
129	0	1.5	2	2	1.5	1.5	2	2.5	3	3.5	3.5	3.5	3.5	3	2.5	2.5	3	3.5	4	4.5	4.5	4	3	2	1.5	0.5	0.5	
130	0	1.5	1.5	1.5	1.5	1.5	1.5	2.5	3	3.5	3.5	3.5	3.5	3	3	2.5	3	3.5	4.5	4.5	4.5	4	3	2	1.5	0.5	0.5	
131	0	1.5	1.5	1.5	1	1	1	1.5	2.5	3	3.5	3.5	3.5	3.5	3	3	3	3	3.5	3.5	3.5	3	2.5	2	1.5	1	0.5	
132	0	1.5	1.5	1.5	1.5	1.5	2	2.5	2.5	2.5	2.5	2.5	2.5	2.5	2.5	2.5	2.5	2.5	2.5	2.5	2.5	2.5	2.5	2	1.5	1	0.5	
133	0	1	1	1.5	1.5	1	1.5	1.5	1.5	1.5	1.5	1.5	1.5	1.5	1.5	1.5	1.5	1.5	2	2	2	2	1.5	1.5	1	1	0.5	
134	0	1.5	1.5	1.5	1	1	1.5	2	2.5	2.5	3	3	2.5	2.5	2	2	2.5	3	3.5	3.5	3.5	3	2.5	1.5	1	0.5	0.5	
135	0	1.5	1.5	1.5	1	1	1	1.5	2	2.5	2.5	2.5	2.5	2	2	2	2	2.5	3	3	3	2.5	2	1.5	1	0.5	0.5	
136	0	1.5	1.5	2	1.5	1	1.5	2	2	2.5	2.5	2.5	2.5	2.5	2	2	2	2.5	3	3.5	3.5	3	2.5	1.5	1	0.5	0.5	
137	0	1.5	1.5	2	1.5	1	1.5	2	2.5	2.5	3	3	2.5	2.5	2	2	2.5	3	3.5	3.5	3.5	3	2.5	1.5	1	0.5	0.5	
138	0	2	2	2	1.5	1	1	1.5	2	2.5	2.5	3	3	2.5	2.5	2.5	2.5	2.5	3	3	3	2.5	2	1.5	1.5	1	0.5	
139	0	1.5	1.5	2	1.5	1.5	1.5	2	2	2	2	2	2	2	2	1.5	1.5	2	2	2	2	2	2	1.5	1.5	1	0.5	
140	0	1	1	1	1	1	1	1.5	1.5	1.5	1.5	1.5	1.5	1.5	1.5	1.5	1.5	1.5	1.5	1.5	1.5	1.5	1.5	1	1	0.5	0.5	
141	0	1	1	1	1	0.5	1	1	1	1	1.5	1.5	1	1	1	1	1	1.5	1.5	1.5	1.5	1.5	1	1	0.5	0.5	0.5	
142	0	1.5	1.5	1.5	1	1	1.5	2	2.5	2.5	3	3	2.5	2.5	2	2	2.5	3	3.5	4	3.5	3	2.5	1.5	1	0.5	0.5	
143	0	1.5	1.5	1.5	1.5	1	1.5	2	2.5	3	3	3	3	2.5	2.5	2	2.5	3	3.5	4	4	3.5	2.5	1.5	1	0.5	0.5	
144	0	1	1	1	1	1	1	1	1.5	1.5	2	2	1.5	1.5	1.5	1.5	1.5	2	2	2.5	2	2	1.5	1	1	0.5	0.5	
145	0	1.5	1.5	1.5	1	1	1	1.5	2	2.5	2.5	3	3	3	2.5	2.5	2.5	2.5	3	3	3	2.5	2	1.5	1	1	0.5	
146	0	1	1	1	1	1	1	1	1	1.5	1	1	1	1	1	1	1	1	1	1	1	1	1	1	1	0.5	0.5	
147	0	1	1	1	1	0.5	1	1	1	1	1	1	1	1	1	1	1	1	1	1	1	1	1	1	0.5	0.5	0.5	
148	0	1.5	1.5	1.5	1	1	1.5	2	2.5	3	3	3	3	2.5	2.5	2.5	2.5	3	3.5	4	4	3.5	2.5	1.5	1	0.5	0.5	
149	0	1.5	1.5	1.5	1	1	1.5	1.5	2	2.5	2.5	2.5	2.5	2	2	2	2	2.5	3	3.5	3.5	3	2	1.5	1	0.5	0.5	
150	0	1.5	1.5	1.5	1.5	1	1.5	1.5	2	2.5	2.5	2.5	2.5	2	2	2	2	2.5	3	3.5	3.5	3	2	1.5	1	0.5	0.5	
151	0	1.5	1.5	1.5	1.5	1	1	1.5	2	2.5	2.5	2.5	2	2	2	2	2	2.5	3	3	3	2.5	2	1.5	1	0.5	0.5	
152	0	2	2	2	1.5	1.5	1.5	2	2.5	3	3.5	3.5	3.5	3.5	3	3	3	3.5	3.5	3.5	3.5	3	2.5	2	1.5	1	0.5	
153	0	2	2	2	1.5	1.5	2	2	2.5	2.5	2.5	2	2	2	2	2	2	2	2	2	2.5	2.5	2	2	1.5	1	0.5	
154	0	1.5	1.5	2	1.5	1.5	1.5	2	2	2	2	2	2	2	2	2	2	2	2	2.5	2.5	2.5	2	2	1.5	1	0.5	
155	0	2	2	2	1.5	1.5	2	2.5	3	3.5	3.5	3.5	3.5	3	2.5	2.5	3	3.5	4	4.5	4.5	4	3	2	1.5	0.5	0.5	
156	0	2	2	2	1.5	1.5	1.5	2	2.5	3	3	3	3	2.5	2.5	2.5	2.5	3	3.5	4	4	3.5	2.5	2	1.5	0.5	0.5	
157	0	2	2	2	1.5	1.5	1.5	1.5	2	2.5	2.5	2.5	2.5	2	2	2	2	2.5	3	3	3	3	2	1.5	1	0.5	0.5	
158	0	2	2	2	1.5	1.5	1.5	2	2.5	3	3	3	3	2.5	2.5	2	2.5	3	3.5	4	4	3.5	2.5	2	1	0.5	0.5	
159	0	2	2	2	1.5	1.5	1.5	2	2.5	3	3.5	4	4	3.5	3.5	3.5	3.5	3.5	4	4	4	3.5	3	2	1.5	1	0.5	
160	0	1.5	2	2	1.5	1.5	2	2.5	2.5	2.5	2.5	2.5	2.5	2	2	2	2	2	2	2.5	2.5	2.5	2.5	2	1.5	1	0.5	
161	0	1	1	1	1	1.5	1.5	2	2	2	2	2	2	2	2	2	2	2.5	2.5	2.5	2.5	2.5	2.5	2	1.5	1	0.5	
162	0	2	2	2	1.5	1.5	2	2.5	3.5	4	4	4	4	3.5	3	3	3.5	4	5	5.5	5.5	4.5	3.5	2.5	1.5	0.5	0.5	
163	0	2	2	2	1.5	1.5	2	2.5	3.5	4	4	4	4	3.5	3	3	3.5	4	5	5.5	5.5	4.5	3.5	2.5	1.5	0.5	0.5	
164	0	2	2	2	1.5	1.5	2	2.5	3.5	4	4	4	3.5	3.5	3	3	3.5	4	4.5	5	5	4.5	3.5	2.5	1.5	0.5	0.5	
165	0	2	2	2	1.5	1.5	2	2.5	3.5	4	4	4	4	3.5	3	3	3.5	4	4.5	5	5	4.5	3.5	2.5	1.5	0.5	0.5	
166	0	2	2	2	1.5	1.5	1.5	2	2.5	3.5	3.5	4	4	3.5	3.5	3.5	3.5	3.5	4	4	4	3.5	3	2	1.5	1	0.5	
167	0	1	1.5	1.5	1.5	2	2	2.5	3	3	3	2.5	2.5	2.5	2.5	2.5	2.5	2.5	2.5	2.5	3	3	2.5	2.5	2	1	1	
168	0	1.5	1.5	1.5	1.5	1.5	1.5	1.5	2	2	2	2	1.5	1.5	1.5	1.5	2	2	2	2	2	2	2	1.5	1.5	1	0.5	
169	0	1	1	1.5	1	1	1.5	2	2.5	3	3	3	3	2.5	2	2	2.5	3	3.5	4	3.5	3	2.5	1.5	1	0.5	0.5	
170	0	2	2	2	1.5	1	1.5	2	2.5	2.5	3	2.5	2.5	2.5	2	2	2	2.5	3	3.5	3.5	3	2.5	1.5	1	0.5	0.5	
171	0	1.5	1.5	2	1.5	1.5	1.5	2	2.5	3	3	3	3	2.5	2.5	2	2.5	3	3.5	4	4	3.5	2.5	1.5	1	0.5	0.5	
172	0	2	2	2	1.5	1.5	1.5	2	2.5	3	3	3	3	2.5	2.5	2.5	2.5	3	3.5	4	4	3.5	2.5	2	1	0.5	0.5	
173	0	2	2	2	1.5	1	1.5	1.5	2	2.5	3	3	3	3	3	2.5	3	3	3	3	3	3	2.5	2	1.5	1	0.5	
174	0	1.5	1.5	2	1.5	1.5	2	2	2	2	2	2	2	2	2	2	2	2	2	2	2	2	2	2	1.5	1	0.5	
175	0	1.5	2	2	1.5	1.5	1.5	1.5	1.5	1.5	1.5	1.5	1.5	1.5	1.5	1.5	1.5	1.5	1.5	2	2	2	1.5	1.5	1	0.5	0.5	
176	0	1	1	1	1	1	1.5	2	2.5	3	3.5	3.5	3	3	2.5	2.5	3	3.5	4	4.5	4.5	3.5	2.5	2	1	0.5	0.5	
177	0	0.5	0.5	0.5	0.5	0.5	1	1.5	2	2	2.5	2.5	2	2	2	2	2	2.5	2.5	3	3	2.5	2	1.5	1	0.5	0.5	
178	0	1	1	1	1	0.5	1	1.5	1.5	2	2	2	2	2	1.5	1.5	2	2	2.5	3	2.5	2.5	1.5	1	0.5	0.5	0.5	
179	0	1	1	1	1	1	1.5	2	2.5	2.5	3	3	2.5	2.5	2	2	2.5	3	3.5	4	3.5	3	2.5	1.5	1	0.5	0.5	
180	0	1	1	1	1	0.5	1	1.5	2	2.5	3	3	3	3	2.5	2.5	2.5	2.5	3	3	3	2.5	2	1.5	1	1	0.5	
181	0	2	2	2	2	1.5	2	2	2.5	2.5	2.5	2.5	2	2	2	2	2	2	2	2	2.5	2.5	2	2	1.5	1	0.5	
182	0	2	2	2	1.5	1.5	1.5	1.5	2	2	2	1.5	1.5	1.5	1.5	1.5	1.5	2	2	2	2	2	2	1.5	1.5	1	0.5	
183	0	1.5	1.5	1.5	1	1	1	1.5	1.5	2	2	2	2	1.5	1.5	1.5	1.5	2	2.5	2.5	2.5	2	1.5	1	1	0.5	0.5	
184	0	1.5	2	2	1.5	1.5	2	3	4	4.5	5	5	4.5	4	3.5	3.5	4	4.5	5.5	6.5	6	5	4	2.5	1.5	0.5	0.5	
185	0	2	2	2	1.5	1.5	2	2.5	3.5	4	4	4	4	3.5	3	3	3.5	4	5	5.5	5.5	4.5	3.5	2.5	1.5	0.5	0.5	
186	0	2	2	2	1.5	1.5	2	2.5	3	3.5	4	4	3.5	3.5	3	3	3.5	4	4.5	5	5	4.5	3.5	2	1.5	0.5	0.5	
187	0	2	2	2	1.5	1.5	2	2.5	3.5	4	4.5	5	5	5	4.5	4.5	4.5	4.5	5	5	5	4.5	3.5	2.5	2	1	1	
188	0	1	1.5	1.5	1.5	1.5	2	2.5	2.5	2.5	2.5	2.5	2.5	2.5	2.5	2	2	2.5	2.5	2.5	2.5	2.5	2.5	2	1.5	1	0.5	
189	0	1.5	1.5	1.5	1	1.5	1.5	1.5	2	2	2	1.5	1.5	1.5	1.5	1.5	2	2	2	2	2	2	2	1.5	1.5	1	0.5	
190	0	1.5	1.5	1.5	1	1	1.5	2	2	2.5	3	2.5	2.5	2.5	2	2	2	2.5	3	3.5	3.5	3	2.5	1.5	1	0.5	0.5	
191	0	2	2	2	1.5	1.5	1.5	2	3	3	3.5	3.5	3	3	2.5	2.5	3	3.5	4	4.5	4.5	3.5	3	2	1.5	0.5	0.5	
192	0	1.5	1.5	1.5	1	1.5	1.5	2.5	3	3.5	3.5	3.5	3.5	3	2.5	2.5	3	3.5	4	4.5	4.5	4	3	2	1.5	0.5	0.5	
193	0	2	2	2	1.5	1.5	2	2.5	3	3.5	4	4	3.5	3	3	3	3	3.5	4.5	5	5	4	3	2	1.5	0.5	0.5	
194	0	1.5	1.5	1.5	1.5	1.5	1.5	2.5	3	4	4.5	5	5	4.5	4.5	4	4	4.5	4.5	5	4.5	4	3.5	2.5	2	1	1	
195	0	1.5	1.5	1.5	1.5	1.5	2	2	2	2	2	2	2	2	2	2	2	2	2	2	2	2	2	2	1.5	1	0.5	
196	0	1	1	1	1	1	1	1.5	1.5	1.5	1.5	1.5	1.5	1.5	1.5	1.5	1.5	1.5	1.5	1.5	1.5	1.5	1.5	1.5	1	0.5	0.5	
197	0	1	1	1.5	1	1	1	1	1.5	1.5	1.5	1.5	1.5	1.5	1.5	1.5	1.5	1.5	2	2	2	2	1.5	1	1	0.5	0.5	
198	0	2	2	2	1.5	1	1.5	2	2.5	2.5	3	2.5	2.5	2.5	2	2	2.5	2.5	3	3.5	3.5	3	2.5	1.5	1	0.5	0.5	
199	0	2	2	2	1.5	1.5	1.5	2	2.5	3	3	3	2.5	2.5	2	2	2.5	3	3.5	4	3.5	3	2.5	1.5	1	0.5	0.5	
200	0	1.5	2	2	1.5	1	1.5	2	2.5	2.5	3	3	2.5	2.5	2	2	2.5	3	3.5	3.5	3.5	3	2.5	1.5	1	0.5	0.5	
201	0	1.5	2	2	1.5	1	1.5	1.5	2	2.5	3	3.5	3.5	3	3	3	3	3	3	3.5	3	3	2.5	2	1.5	1	0.5	
202	0	1.5	2	2	2	2.5	3	3.5	3.5	3.5	3.5	3.5	3.5	3.5	3	3	3	3	3	3.5	3.5	3.5	3.5	3	2.5	1.5	1	
203	0	1.5	1.5	1.5	1.5	1	1.5	1.5	2	2	2	1.5	1.5	1.5	1.5	1.5	1.5	2	2	2	2	2	2	1.5	1	1	0.5	
204	0	1.5	1.5	1.5	1	1	1.5	2	2	2.5	2.5	2.5	2.5	2	2	2	2	2.5	3	3.5	3.5	3	2	1.5	1	0.5	0.5	
205	0	1.5	1.5	1.5	1.5	1	1	1.5	2	2	2.5	2.5	2	2	2	1.5	2	2.5	2.5	3	3	2.5	2	1.5	1	0.5	0.5	
206	0	1.5	2	2	1.5	1	1.5	1.5	2	2	2.5	2.5	2	2	2	2	2	2.5	2.5	3	3	2.5	2	1.5	1	0.5	0.5	
207	0	2	2	2	1.5	1.5	1.5	2	3	3	3.5	3.5	3	3	2.5	2.5	3	3.5	4	4.5	4.5	3.5	3	2	1.5	0.5	0.5	
208	0	2	2	2	1.5	1	1.5	2	2.5	3	3	3.5	3.5	3	3	3	3	3	3.5	3.5	3.5	3	2.5	2	1.5	1	0.5	
209	0	1.5	2	2	1.5	1.5	1.5	2	2	2	2	2	2	2	2	2	2	2	2	2	2	2	2	1.5	1.5	1	0.5	
210	0	1	1	1	1	1	1	1	1.5	1.5	1.5	1	1	1	1	1	1.5	1.5	1.5	1.5	1.5	1.5	1.5	1	1	0.5	0.5	
211	0	1.5	1.5	2	1.5	1.5	1.5	2	2	2.5	2.5	2.5	2.5	2	2	2	2	2.5	3	3.5	3.5	3	2	1.5	1	0.5	0.5	
212	0	2	2	2	1.5	1.5	1.5	2	2.5	3	3	3	3	2.5	2.5	2	2.5	3	3.5	4	4	3.5	2.5	2	1	0.5	0.5	
213	0	2	2	2	1.5	1.5	1.5	2.5	3	3.5	3.5	3.5	3	3	2.5	2.5	3	3.5	4	4.5	4.5	4	3	2	1.5	0.5	0.5	
214	0	2	2	2	2	1.5	2	2.5	3	3.5	3.5	3.5	3.5	3	3	2.5	3	3.5	4.5	5	4.5	4	3	2	1.5	0.5	0.5	
215	0	2	2	2	1.5	1	1.5	2	3	3.5	4	4	4	4	3.5	3.5	3.5	4	4	4	4	3.5	3	2.5	1.5	1	1	
216	0	2	2.5	2.5	2	2	2.5	3	3	3	3	3	3	2.5	2.5	2.5	2.5	2.5	2.5	3	3	3	3	2.5	2	1	1	
217	0	1.5	1.5	2	1.5	1.5	1.5	2	2	2	2	2	2	2	2	2	2	2	2	2.5	2.5	2.5	2	2	1.5	1	0.5	
218	0	1.5	1.5	1.5	1.5	1.5	1.5	2	2.5	3	3.5	3.5	3	3	2.5	2.5	2.5	3.5	4	4.5	4	3.5	3	2	1	0.5	0.5	
219	0	1.5	2	2	1.5	1	1.5	1.5	2	2	2.5	2.5	2	2	2	2	2	2.5	2.5	3	3	2.5	2	1.5	1	0.5	0.5	
220	0	1.5	1.5	2	1.5	1	1.5	1.5	2	2.5	2.5	2.5	2.5	2	2	2	2	2.5	3	3	3	2.5	2	1.5	1	0.5	0.5	
221	0	2	2	2	1.5	1.5	2	2.5	3	3.5	3.5	3.5	3.5	3	2.5	2.5	3	3.5	4	4.5	4.5	4	3	2	1.5	0.5	0.5	
222	0	1.5	1.5	2	1.5	1	1.5	2	2.5	3	3.5	4	4	3.5	3.5	3.5	3.5	3.5	4	4	4	3.5	3	2	1.5	1	0.5	
223	0	1.5	1.5	1.5	1.5	1.5	1.5	2	2	2	2	2	2	2	2	2	2	2	2	2	2	2	2	1.5	1.5	1	0.5	
224	0	1	1	1.5	1	1.5	1.5	1.5	1.5	1.5	1.5	1.5	1.5	1.5	1.5	1.5	1.5	1.5	2	2	2	2	2	1.5	1	1	0.5	
225	0	1.5	1.5	1.5	1	1	1.5	1.5	2	2.5	2.5	2.5	2.5	2	2	2	2	2.5	3	3	3	2.5	2	1.5	1	0.5	0.5	
226	0	1.5	1.5	2	1.5	1	1.5	1.5	2	2	2.5	2.5	2	2	2	2	2	2.5	2.5	3	3	2.5	2	1.5	1	0.5	0.5	
227	0	1.5	1.5	1.5	1	1	1	1	1.5	1.5	2	2	1.5	1.5	1.5	1.5	1.5	2	2	2.5	2	2	1.5	1	1	0.5	0.5	
228	0	1.5	2	2	1.5	1.5	1.5	2	2.5	3	3	3	3	2.5	2.5	2.5	2.5	3	3.5	4	4	3.5	2.5	2	1	0.5	0.5	
229	0	1	1.5	1.5	1	1	1	1.5	2	2	2.5	2.5	2.5	2.5	2.5	2.5	2.5	2.5	2.5	2.5	2.5	2.5	2	1.5	1	0.5	0.5	
230	0	1.5	1.5	1.5	1.5	1.5	1.5	1.5	2	2	1.5	1.5	1.5	1.5	1.5	1.5	1.5	1.5	1.5	1.5	1.5	1.5	1.5	1.5	1	0.5	0.5	
231	0	1	1	1	1	1	1	1.5	1.5	1.5	1.5	1.5	1.5	1.5	1.5	1.5	1.5	1.5	1.5	1.5	1.5	1.5	1.5	1.5	1	0.5	0.5	
232	0	1	1	1.5	1	1	1	1.5	1.5	2	2	2	2	2	1.5	1.5	1.5	2	2.5	2.5	2.5	2.5	2	1.5	1	0.5	0.5	
233	0	1	1	1.5	1	1	1	1.5	1.5	2	2	2	2	1.5	1.5	1.5	1.5	2	2	2.5	2.5	2	1.5	1	1	0.5	0.5	
234	0	1.5	1.5	2	1.5	1	1	1.5	2	2	2.5	2	2	2	1.5	1.5	2	2	2.5	3	3	2.5	2	1.5	1	0.5	0.5	
235	0	1.5	1.5	1.5	1	1	1	1.5	2	2	2.5	2.5	2	2	1.5	1.5	2	2	2.5	3	3	2.5	2	1.5	1	0.5	0.5	
236	0	1.5	1.5	1.5	1	1	1	1.5	1.5	2	2.5	2.5	2.5	2.5	2	2	2	2	2.5	2.5	2.5	2	1.5	1.5	1	0.5	0.5	
237	0	1	1	1	1	1	1	1.5	1.5	1.5	1.5	1.5	1.5	1.5	1.5	1.5	1	1.5	1.5	1.5	1.5	1.5	1.5	1	1	0.5	0.5	
238	0	1	1	1	1	1	1	1	1	1	1	1	1	1	1	1	1	1	1	1	1	1	1	1	1	0.5	0.5	
239	0	1	1	1	1	1	1	1	1.5	1.5	1.5	1.5	1.5	1.5	1.5	1.5	1.5	1.5	2	2	2	2	1.5	1	0.5	0.5	0.5	
240	0	1	1	1	1	1	1	1.5	1.5	2	2	2	2	1.5	1.5	1.5	1.5	2	2	2.5	2.5	2	1.5	1	1	0.5	0.5	
241	0	1	1	1	1	1	1	1	1.5	1.5	1.5	1.5	1.5	1.5	1	1	1.5	1.5	2	2	2	1.5	1.5	1	0.5	0.5	0.5	
242	0	1.5	1.5	1.5	1	1	1	1.5	2	2	2	2	2	2	1.5	1.5	2	2	2.5	3	2.5	2.5	2	1.5	1	0.5	0.5	
243	0	2	2	2	1.5	1	1	1.5	2	2	2.5	2.5	2.5	2.5	2	2	2	2.5	2.5	2.5	2.5	2	2	1.5	1	0.5	0.5	
244	0	2	2	2	1.5	1.5	1.5	1.5	2	2	2	1.5	1.5	1.5	1.5	1.5	1.5	1.5	1.5	1.5	2	2	1.5	1.5	1.5	0.5	0.5	
245	0	1.5	1.5	1.5	1.5	1.5	1.5	1.5	1.5	2	1.5	1.5	1.5	1.5	1.5	1.5	1.5	1.5	2	2	2	2	2	1.5	1	1	0.5	
246	0	1.5	1.5	1.5	1	1.5	1.5	2	2.5	2.5	3	3	2.5	2.5	2	2	2.5	3	3.5	3.5	3.5	3	2.5	1.5	1	0.5	0.5	
247	0	1.5	1.5	2	1.5	1	1.5	2	2	2.5	2.5	2.5	2.5	2.5	2	2	2	2.5	3	3.5	3.5	3	2.5	1.5	1	0.5	0.5	
248	0	1	1	1.5	1	1	1.5	1.5	2	2.5	2.5	2.5	2.5	2	2	2	2	2.5	3	3.5	3.5	3	2	1.5	1	0.5	0.5	
249	0	1.5	1.5	1.5	1	1	1.5	2	2.5	2.5	3	3	2.5	2.5	2	2	2.5	3	3.5	3.5	3.5	3	2.5	1.5	1	0.5	0.5	
250	0	1.5	1.5	1.5	1.5	1	1	1.5	2	2.5	3	3	3	3	3	3	3	3	3	3.5	3	3	2.5	2	1.5	1	0.5	
251	0	1	1.5	1.5	1.5	1.5	1.5	2	2	2	2	2	2	2	1.5	1.5	1.5	1.5	2	2	2	2	2	1.5	1.5	1	0.5	
252	0	1	1	1	1	1	1	1.5	1.5	1.5	1.5	1.5	1.5	1.5	1.5	1.5	1.5	1.5	1.5	1.5	1.5	1.5	1.5	1.5	1	0.5	0.5	
253	0	1.5	1.5	1.5	1	1	1	1.5	2	2	2.5	2.5	2	2	2	1.5	2	2.5	2.5	3	3	2.5	2	1.5	1	0.5	0.5	
254	0	1.5	1.5	1.5	1.5	1	1.5	2	2	2.5	3	3	2.5	2.5	2	2	2.5	2.5	3	3.5	3.5	3	2.5	1.5	1	0.5	0.5	
255	0	1.5	1.5	1.5	1.5	1	1.5	2	2.5	3	3	3	3	2.5	2.5	2	2.5	3	3.5	4	4	3	2.5	1.5	1	0.5	0.5	
256	0	1.5	1.5	1.5	1.5	1	1.5	2	2.5	2.5	3	3	2.5	2.5	2	2	2.5	3	3.5	3.5	3.5	3	2.5	1.5	1	0.5	0.5	
257	0	1	1	1	1	0.5	1	1	1.5	1.5	2	2	2	2	2	2	2	2	2	2	2	2	1.5	1	1	0.5	0.5	
258	0	1	1	1	1	1	1	1.5	1.5	1.5	1.5	1.5	1.5	1.5	1.5	1.5	1.5	1.5	1.5	1.5	1.5	1.5	1.5	1	1	0.5	0.5	
259	0	0.5	0.5	1	0.5	0.5	1	1	1	1	1	1	1	1	1	1	1	1	1	1	1	1	1	1	0.5	0.5	0.5	
260	0	0.5	0.5	0.5	0.5	0.5	0.5	0.5	0.5	0.5	0.5	0.5	0.5	0.5	0.5	0.5	0.5	0.5	0.5	1	1	0.5	0.5	0.5	0.5	0.5	0.5	
261	0	0	0	0	0	0	0	0	0	0	0	0	0	0	0	0	0	0	0	0	0	0	0	0	0	0	0	
262	0	0.5	0.5	0.5	0.5	0.5	0.5	0.5	0.5	0.5	0.5	0.5	0.5	0.5	0.5	0.5	0.5	0.5	0.5	0.5	0.5	0.5	0.5	0.5	0.5	0.5	0.5	
263	0	1	1	1	0.5	0.5	0.5	0.5	1	1	1	1	1	1	0.5	0.5	1	1	1	1	1	1	1	0.5	0.5	0.5	0.5	
264	0	1.5	1.5	1.5	1	1	1	1	1.5	2	2	2.5	2.5	2.5	2	2	2	2	2.5	2.5	2.5	2	1.5	1.5	1	0.5	0.5	
265	0	0.5	1	1	1	1	1	1.5	1.5	1.5	1.5	1.5	1.5	1.5	1.5	1.5	1.5	1.5	1.5	1.5	1.5	1.5	1.5	1	1	0.5	0.5	
266	0	1	1	1	1	1	1	1	1	1	1	1	1	1	1	1	1	1	1	1	1.5	1.5	1	1	1	0.5	0.5	
267	0	1	1	1	1	0.5	0.5	1	1	1	1	1	1	1	1	1	1	1	1.5	1.5	1.5	1.5	1	1	0.5	0.5	0.5	
268	0	1	1	1	1	1	1	1	1.5	1.5	2	2	1.5	1.5	1.5	1.5	1.5	2	2	2.5	2	2	1.5	1	1	0.5	0.5	
269	0	1.5	1.5	1.5	1	1	1	1.5	1.5	2	2	2	2	1.5	1.5	1.5	1.5	2	2	2.5	2.5	2	1.5	1	1	0.5	0.5	
270	0	1.5	1.5	1.5	1	1	1	1.5	1.5	2	2	2	2	2	1.5	1.5	1.5	2	2.5	2.5	2.5	2.5	2	1.5	1	0.5	0.5	
271	0	1.5	1.5	1.5	1	1	1	1.5	2	2.5	2.5	3	3	3	2.5	2.5	2.5	2.5	3	3	3	2.5	2	1.5	1	1	0.5	
272	0	1	1.5	1.5	1.5	1	1.5	1.5	2	2	2	2	1.5	1.5	1.5	1.5	1.5	1.5	1.5	1.5	2	2	1.5	1.5	1	1	0.5	
273	0	1	1.5	1.5	1	1	1.5	1.5	1.5	1.5	1.5	1.5	1.5	1.5	1.5	1.5	1.5	1.5	1.5	2	2	2	1.5	1.5	1	0.5	0.5	
274	0	1.5	1.5	1.5	1	1	1	1.5	2	2	2.5	2.5	2	2	2	1.5	2	2.5	2.5	3	3	2.5	2	1.5	1	0.5	0.5	
275	0	1.5	1.5	1.5	1.5	1	1.5	1.5	2	2.5	2.5	2.5	2.5	2	2	2	2	2.5	3	3	3	2.5	2	1.5	1	0.5	0.5	
276	0	1.5	1.5	1.5	1	1	1	1.5	2	2	2.5	2.5	2	2	2	2	2	2.5	3	3	3	2.5	2	1.5	1	0.5	0.5	
277	0	1	1	1.5	1	1	1	1.5	2	2.5	2.5	2.5	2.5	2	2	2	2	2.5	3	3.5	3.5	3	2	1.5	1	0.5	0.5	
278	0	1	1	1.5	1	1	1	1.5	2	2.5	3	3	3	3	2.5	2.5	2.5	2.5	3	3	3	2.5	2	1.5	1	1	0.5	
279	0	1	1	1	1	1	1	1	1.5	1.5	1.5	1	1	1	1	1	1	1	1	1	1	1	1	1	1	0.5	0.5	
280	0	0.5	0.5	1	0.5	0.5	0.5	1	1	1	1	1	1	1	1	1	1	1	1	1	1	1	1	1	0.5	0.5	0.5	
281	0	1.5	1.5	1.5	1	1.5	1.5	2	2.5	3	3.5	3.5	3	3	2.5	2.5	2.5	3.5	4	4.5	4	3.5	3	2	1	0.5	0.5	
282	0	1.5	1.5	2	1.5	1.5	1.5	2	2.5	3	3	3	3	2.5	2.5	2.5	2.5	3	3.5	4	4	3.5	2.5	2	1	0.5	0.5	
283	0	1.5	1.5	1.5	1.5	1	1.5	2	2.5	3	3	3	3	2.5	2.5	2.5	2.5	3	3.5	4	4	3.5	2.5	1.5	1	0.5	0.5	
284	0	1.5	1.5	1.5	1.5	1	1.5	2	2.5	3	3.5	3.5	3	3	2.5	2.5	2.5	3.5	4	4.5	4	3.5	2.5	2	1	0.5	0.5	
285	0	1.5	1.5	1.5	1.5	1	1.5	2	2.5	3	3.5	3.5	3.5	3.5	3.5	3	3	3.5	3.5	4	3.5	3	2.5	2	1.5	1	0.5	
286	0	1	1.5	1.5	1.5	1.5	2	2	2.5	2.5	2.5	2	2	2	2	2	2	2	2	2	2	2	2	2	1.5	1	0.5	
287	0	1	1	1.5	1	1	1.5	1.5	1.5	1.5	1.5	1.5	1.5	1.5	1.5	1.5	1.5	1.5	2	2	2	2	1.5	1.5	1	1	0.5	
288	0	1	1	1	1	1	1.5	1.5	2	2.5	2.5	2.5	2.5	2	2	2	2	2.5	3	3.5	3.5	3	2	1.5	1	0.5	0.5	
289	0	1.5	1.5	1.5	1.5	1.5	1.5	2	2.5	3	3.5	3.5	3	2.5	2.5	2.5	2.5	3	4	4	4	3.5	2.5	2	1	0.5	0.5	
290	0	1.5	1.5	1.5	1.5	1.5	1.5	2	3	3	3.5	3.5	3	3	2.5	2.5	3	3.5	4	4.5	4.5	4	3	2	1	0.5	0.5	
291	0	1.5	1.5	1.5	1.5	1	1.5	2	2.5	3	3.5	3.5	3	3	2.5	2.5	2.5	3.5	4	4.5	4	3.5	2.5	2	1	0.5	0.5	
292	0	2	2	2	1.5	1	1	1.5	2	2	2.5	2.5	2.5	2.5	2.5	2	2	2.5	2.5	2.5	2.5	2.5	2	1.5	1	0.5	0.5	
293	0	1.5	1.5	1.5	1.5	1.5	1.5	1.5	2	2	2	1.5	1.5	1.5	1.5	1.5	1.5	1.5	1.5	1.5	1.5	2	1.5	1.5	1	0.5	0.5	
294	0	1	1	1.5	1	1.5	1.5	2	2	2	2	2	2	2	2	2	2	2	2	2	2.5	2	2	1.5	1.5	1	0.5	
295	0	1	1	1.5	1	1	1.5	2	2.5	3	3	3	3	2.5	2.5	2.5	2.5	3	4	4	4	3.5	2.5	2	1	0.5	0.5	
296	0	1.5	1.5	2	1.5	1	1.5	1.5	2	2	2.5	2.5	2	2	2	2	2	2.5	2.5	3	3	2.5	2	1.5	1	0.5	0.5	
297	0	2	2.5	2.5	1.5	1.5	1.5	2	2	2.5	2.5	2.5	2.5	2	2	2	2	2.5	3	3	3	3	2	1.5	1	0.5	0.5	
298	0	2	2	2	1.5	1.5	2	2.5	3	3.5	3.5	3.5	3.5	3	2.5	2.5	3	3.5	4	4.5	4.5	4	3	2	1.5	0.5	0.5	
299	0	1.5	1.5	1.5	1	1	1.5	2	2.5	3	3.5	4	4	3.5	3.5	3.5	3.5	3.5	3.5	4	3.5	3.5	2.5	2	1.5	1	0.5	
300	0	1	1	1	1	1.5	1.5	2	2	2	2	2	2	1.5	1.5	1.5	1.5	1.5	1.5	2	2	2	2	1.5	1	1	0.5	
301	0	1	1	1	1	1	1.5	1.5	1.5	1.5	1.5	1.5	1.5	1.5	1.5	1.5	1.5	1.5	2	2	2	2	1.5	1.5	1	1	0.5	
302	0	1.5	1.5	1.5	1	1	1.5	1.5	2	2.5	2.5	2.5	2.5	2	2	2	2	2.5	3	3	3	2.5	2	1.5	1	0.5	0.5	
303	0	1.5	2	2	1.5	1	1.5	1.5	2	2	2.5	2.5	2	2	2	2	2	2.5	2.5	3	3	2.5	2	1.5	1	0.5	0.5	
304	0	1.5	1.5	1.5	1	1	1	1.5	1.5	1.5	2	2	1.5	1.5	1.5	1.5	1.5	2	2	2.5	2.5	2	1.5	1	1	0.5	0.5	
305	0	1	1	1.5	1	1	1.5	2	2.5	3	3	3	3	2.5	2.5	2	2.5	3	3.5	4	4	3	2.5	1.5	1	0.5	0.5	
306	0	1.5	1.5	1.5	1.5	1	1.5	2	2.5	3	3.5	4	4	4	3.5	3.5	3.5	3.5	4	4	4	3.5	3	2	1.5	1	0.5	
307	0	1.5	1.5	2	2	1.5	2	2.5	2.5	3	2.5	2.5	2.5	2.5	2.5	2.5	2.5	2.5	2.5	2.5	2.5	2.5	2.5	2	1.5	1	1	
308	0	1.5	1.5	2	1.5	1.5	1.5	2	2	2	2	2	2	2	2	2	2	2	2	2	2.5	2	2	1.5	1.5	1	0.5	
309	0	1	1	1.5	1.5	1	1.5	2.5	3	3.5	3.5	4	3.5	3	3	3	3	3.5	4.5	5	5	4	3	2	1	0.5	0.5	
310	0	1	1	1	1	1	1.5	2	2.5	3	3	3	3	2.5	2.5	2	2.5	3	3.5	4	4	3	2.5	1.5	1	0.5	0.5	
311	0	1.5	1.5	2	1.5	1	1.5	2	2.5	3	3	3	3	2.5	2.5	2.5	2.5	3	3.5	4	4	3.5	2.5	1.5	1	0.5	0.5	
312	0	1.5	1.5	1.5	1.5	1	1.5	2	2.5	3	3	3	3	2.5	2.5	2.5	2.5	3	3.5	4	4	3.5	2.5	1.5	1	0.5	0.5	
313	0	2.5	2.5	2.5	1.5	1.5	1.5	2	2.5	3	3.5	4	4	3.5	3.5	3.5	3.5	3.5	4	4	4	3.5	3	2	1.5	1	0.5	
314	0	2.5	2.5	2.5	2	2.5	2.5	3	3.5	3.5	3.5	3	3	3	3	3	3	3	3	3	3.5	3.5	3	2.5	2	1.5	1	
315	0	2	2	2.5	2	1.5	2	2	2.5	2.5	2.5	2	2	2	2	2	2	2.5	2.5	2.5	2.5	2.5	2.5	2	1.5	1	0.5	
316	0	2	2	2.5	1.5	1.5	2	2.5	3	3.5	3.5	3.5	3	3	2.5	2.5	3	3.5	4	4.5	4.5	4	3	2	1.5	0.5	0.5	
317	0	2	2	2	1.5	1.5	2	2.5	3	3.5	3.5	3.5	3.5	3	2.5	2.5	3	3.5	4	4.5	4.5	4	3	2	1.5	0.5	0.5	
318	0	2	2	2.5	1.5	1.5	2	2.5	3	3.5	3.5	3.5	3.5	3	2.5	2.5	3	3.5	4	4.5	4.5	4	3	2	1.5	0.5	0.5	
319	0	2	2	2.5	1.5	1.5	2	2.5	3.5	4	4	4	4	3.5	3	3	3.5	4	4.5	5	5	4.5	3.5	2.5	1.5	0.5	0.5	
320	0	2	2	2	1.5	1	1.5	2	2.5	3	3.5	4	4	3.5	3.5	3.5	3.5	3.5	4	4	4	3.5	3	2	1.5	1	0.5	
321	0	1.5	1.5	2	1.5	2	2	2.5	2.5	2.5	2.5	2.5	2.5	2.5	2.5	2.5	2.5	2.5	2.5	2.5	2.5	2.5	2.5	2	1.5	1	0.5	
322	0	1.5	1.5	1.5	1.5	1	1.5	1.5	1.5	1.5	1.5	1.5	1.5	1.5	1.5	1.5	1.5	1.5	2	2	2	2	2	1.5	1	1	0.5	
323	0	2	2	2	1.5	1.5	1.5	2	2.5	3	3.5	3	3	2.5	2.5	2.5	2.5	3	4	4	4	3.5	2.5	2	1	0.5	0.5	
324	0	1.5	1.5	2	1.5	1.5	1.5	2	2.5	3	3	3	3	2.5	2.5	2.5	2.5	3	3.5	4	4	3.5	2.5	2	1	0.5	0.5	
325	0	1.5	1.5	2	1.5	1	1.5	2	2.5	3	3.5	3.5	3	3	2.5	2.5	2.5	3.5	4	4.5	4	3.5	2.5	2	1	0.5	0.5	
326	0	1.5	1.5	2	1.5	1	1.5	2	2.5	3	3	3	3	2.5	2.5	2.5	2.5	3	3.5	4	4	3.5	2.5	1.5	1	0.5	0.5	
327	0	1.5	1.5	1.5	1.5	1	1.5	1.5	2.5	3	3.5	3.5	3.5	3.5	3	3	3	3.5	3.5	3.5	3.5	3	2.5	2	1.5	1	0.5	
328	0	1	1	1	1	1	1.5	2	2	2	2	2	2	2	1.5	1.5	1.5	1.5	1.5	2	2	2	2	1.5	1	1	0.5	
329	0	1	1	1	1	1	1	1.5	1.5	1.5	1.5	1.5	1.5	1.5	1.5	1.5	1.5	1.5	1.5	2	2	2	1.5	1.5	1	1	0.5	
330	0	1	1	1	1	1	1	1.5	2	2.5	2.5	2.5	2.5	2	2	2	2	2.5	3	3.5	3.5	3	2	1.5	1	0.5	0.5	
331	0	2	2	2	1.5	1.5	1.5	1.5	2	2.5	2.5	2.5	2.5	2	2	2	2	2.5	3	3	3	2.5	2	1.5	1	0.5	0.5	
332	0	2	2	2	1.5	1.5	1.5	2	2.5	2.5	3	3	2.5	2.5	2	2	2.5	3	3.5	3.5	3.5	3	2.5	1.5	1	0.5	0.5	
333	0	1.5	1.5	2	1.5	1.5	1.5	2.5	3	3.5	3.5	3.5	3.5	3	3	2.5	3	3.5	4.5	5	4.5	4	3	2	1	0.5	0.5	
334	0	1.5	1.5	2	1.5	1	1.5	2	3	3.5	4	4.5	4.5	4	4	3.5	3.5	4	4	4.5	4	3.5	3	2	1.5	1	1	
335	0	1.5	1.5	2	1.5	1.5	2	2	2.5	2.5	2.5	2	2	2	2	2	2	2	2	2	2	2	2	2	1.5	1	0.5	
336	0	1	1	1	1	1	1.5	1.5	1.5	1.5	1.5	1.5	1.5	1.5	1.5	1.5	1.5	1.5	1.5	2	2	2	1.5	1.5	1	0.5	0.5	
337	0	2	2	2	1.5	1.5	1.5	2	2.5	3	3	3	2.5	2.5	2	2	2.5	3	3.5	4	3.5	3	2.5	1.5	1	0.5	0.5	
338	0	2	2	2	1.5	1	1.5	1.5	2	2.5	2.5	2.5	2.5	2	2	2	2	2.5	3	3	3	2.5	2	1.5	1	0.5	0.5	
339	0	2	2	2	1.5	1.5	1.5	2	3	3	3.5	3.5	3	3	2.5	2.5	3	3.5	4	4.5	4.5	3.5	3	2	1.5	0.5	0.5	
340	0	2	2	2	1.5	1.5	1.5	2	2.5	3	3	3	3	2.5	2.5	2	2.5	3	3.5	4	4	3.5	2.5	2	1	0.5	0.5	
341	0	2	2	2	1.5	1	1.5	2	3	3.5	4	4.5	4.5	4	4	4	4	4	4.5	4.5	4.5	4	3	2.5	1.5	1	1	
342	0	1.5	1.5	1.5	1	1.5	1.5	1.5	1.5	1.5	1.5	1.5	1.5	1.5	1.5	1.5	1.5	1.5	1.5	1.5	1.5	1.5	1.5	1.5	1	0.5	0.5	
343	0	1.5	1.5	2	1.5	1	1.5	2	2	2	2	2	2	2	2	2	2	2	2	2.5	2.5	2.5	2	2	1.5	1	0.5	
344	0	2	2	2.5	1.5	1.5	2	2.5	3	3.5	4	4	3.5	3.5	3	3	3	4	4.5	5	5	4.5	3.5	2.5	1.5	0.5	0.5	
345	0	2.5	2.5	2.5	2	1.5	2	3	3.5	4.5	4.5	4.5	4.5	4	3.5	3.5	3.5	4.5	5.5	6	6	5	4	2.5	1.5	0.5	0.5	
346	0	2.5	2.5	2.5	2	2	2.5	3	4	4.5	4.5	4.5	4.5	4	3.5	3.5	4	4.5	5.5	6	6	5	4	2.5	1.5	0.5	0.5	
347	0	3	3	3	2.5	2	2.5	3	4	4.5	5	5	4.5	4	4	3.5	4	5	6	6.5	6.5	5.5	4	3	2	1	0.5	
348	0	3	3	3	2	2	2	3	3.5	4.5	5	5.5	5.5	5	5	4.5	4.5	5	5.5	5.5	5.5	4.5	4	3	2	1	1	
349	0	1.5	2	2	2	2	2.5	3	3	3.5	3	3	3	3	3	3	3	3	3	3	3	3	3	2.5	2	1.5	1	
350	0	1.5	1.5	2	1.5	1.5	2	2	2.5	2.5	2.5	2	2	2	2	2	2	2.5	2.5	2.5	2.5	2.5	2.5	2	1.5	1	0.5	
351	0	2.5	2.5	2.5	2	2	2.5	3	3.5	4	4.5	4.5	4	3.5	3.5	3	3.5	4.5	5	5.5	5.5	5	3.5	2.5	1.5	0.5	0.5	
352	0	3	3	3	2.5	2	2.5	3	4	4.5	5	5	4.5	4	3.5	3.5	4	4.5	5.5	6	6	5	4	3	2	0.5	0.5	
353	0	2.5	2.5	3	2	2	2.5	3.5	4	5	5	5	5	4.5	4	4	4	5	6	6.5	6.5	5.5	4.5	3	2	1	0.5	
354	0	2.5	3	3	2	2	2.5	3.5	4	5	5	5	4.5	4	4	3.5	4	5	6	6.5	6.5	5.5	4	3	2	1	0.5	
355	0	2.5	2.5	3	2	2	2	3	4	5	5.5	6	6	5.5	5.5	5	5	5.5	6	6	6	5	4	3	2.5	1.5	1	
356	0	1.5	1.5	1.5	1.5	1.5	2	2	2.5	2.5	2.5	2	2	2	2	2	2	2	2	2	2	2	2	2	1.5	1	0.5	
357	0	1	1	1	1	1	1	1	1.5	1.5	1.5	1.5	1	1	1	1	1.5	1.5	1.5	1.5	1.5	1.5	1.5	1	1	0.5	0.5	
358	0	0.5	0.5	0.5	0.5	0.5	0.5	0.5	1	1	1	1	1	1	1	1	1	1	1	1.5	1	1	1	0.5	0.5	0.5	0.5	
359	0	0	0	0	0	0	0	0	0	0	0	0	0	0	0	0	0	0	0	0	0	0	0	0	0	0	0	
360	0	1.5	1.5	1.5	1	1	1	1	1.5	1.5	1.5	1.5	1.5	1.5	1.5	1	1.5	1.5	2	2	2	2	1.5	1	0.5	0.5	0.5	
361	0	1.5	1.5	1.5	1	1	1.5	1.5	2	2.5	2.5	2.5	2.5	2	2	2	2	2.5	3	3.5	3	3	2	1.5	1	0.5	0.5	
362	0	1	1	1	1	0.5	0.5	0.5	0.5	0.5	0.5	0.5	0.5	0.5	0.5	0.5	0.5	0.5	0.5	0.5	0.5	0.5	0.5	0.5	0.5	0	0	
363	0	1	1	1	1	0.5	0.5	0.5	0.5	0.5	0.5	0.5	0.5	0.5	0.5	0.5	0.5	0.5	0.5	0.5	0.5	0.5	0.5	0.5	0.5	0	0	
364	0	1	1	1	0.5	0.5	0.5	0.5	0.5	0.5	0.5	0.5	0.5	0.5	0.5	0.5	0.5	0.5	0.5	0.5	0.5	0.5	0.5	0.5	0.5	0	0	
365	0	0.5	0.5	1	0.5	0.5	0.5	0.5	0.5	0.5	0.5	0.5	0.5	0.5	0.5	0.5	0.5	0.5	0.5	0.5	0.5	0.5	0.5	0.5	0.5	0	0	;
																									